0	2025	-63	-243	-52	-22	-5	
1	2024	-58	-232	-50	-19	-5	
2	2025	-65	-216	-49	-23	-7	
3	2016	-50	-250	-49	-24	-7	
4	2024	-57	-254	-55	-17	-8	
5	2031	-76	-234	-46	-18	-8	
6	2025	-66	-236	-27	-14	-7	
7	2040	-61	-246	-22	6	-4	
8	2023	-65	-241	-18	10	-4	
9	2037	-58	-242	-20	26	-3	
10	2022	-35	-245	-25	21	-10	
11	2048	-47	-251	-27	21	-26	
12	2038	-83	-241	-27	43	-40	
13	2074	-22	-294	-18	35	-30	
14	1996	-36	-230	-18	-1	-10	
15	2034	-41	-229	-29	-17	-8	
16	2037	-53	-238	-29	-15	-16	
17	2054	-42	-222	-18	-24	-12	
18	2042	-32	-220	-16	-29	-21	
19	2037	-23	-223	-41	-13	-29	
20	2036	-22	-204	-31	-17	-35	
21	2007	0	-212	-11	-12	-50	
22	2007	5	-217	2	-14	-46	
23	2031	8	-196	15	-48	-32	
24	2047	19	-186	32	-36	-36	
25	2042	28	-183	65	-13	-29	
26	2013	34	-263	64	10	-4	
27	1965	24	-315	8	11	29	
28	1930	14	-347	-68	-42	35	
29	1925	23	-316	-103	-112	49	
30	1963	-9	-256	-111	-195	67	
31	2048	-49	-216	-128	-185	95	
32	1997	-85	-189	-142	-94	96	
33	1925	-117	-199	-144	-39	83	
34	1981	-150	-253	-104	-63	95	
35	2170	-191	-393	3	-133	106	
36	2231	-191	-555	45	-79	90	
37	2150	-201	-498	20	-15	92	
38	2105	-208	-447	36	-46	122	
39	2055	-173	-422	94	-30	128	
40	2014	-168	-405	113	11	94	
41	1956	-155	-371	128	6	76	
42	1952	-148	-390	129	-13	55	
43	1958	-148	-401	80	3	22	
44	1975	-173	-417	37	13	-18	
45	1983	-158	-436	-27	34	-64	
46	1978	-163	-437	-103	50	-114	
47	1962	-160	-480	-154	61	-162	
48	1942	-212	-506	-171	58	-185	
49	1932	-246	-581	-158	38	-189	
50	1912	-267	-604	-149	27	-181	
51	1911	-209	-507	-146	-34	-213	
52	2110	69	21	-212	-380	-171	
53	2562	7	-412	-59	-504	-181	
54	2510	-78	-428	-60	-33	-311	
55	2261	-126	-160	-209	131	-310	
56	2229	-14	-115	-238	53	-219	
57	2120	67	-64	-114	172	-223	
58	1895	98	-76	-90	264	-253	
59	1663	160	-90	-217	170	-224	
60	1696	270	-67	-339	59	-213	
61	1877	320	-106	-317	-117	-215	
62	2102	347	-147	-210	-194	-242	
63	2236	304	-243	-249	-114	-254	
64	2067	254	-219	-313	36	-220	
65	1899	226	-185	-297	88	-209	
66	1908	211	-196	-249	99	-164	
67	1980	167	-198	-221	100	-118	
68	2007	150	-250	-191	64	-71	
69	1977	159	-268	-185	42	-30	
70	1954	156	-270	-143	19	2	
71	1936	157	-303	-70	-4	32	
72	1925	160	-350	-61	-33	72	
73	1938	160	-341	-57	-71	117	
74	1953	189	-364	-66	-92	131	
75	1937	176	-361	-82	-70	157	
76	1955	150	-377	-84	-68	207	
77	1957	150	-389	-57	-57	242	
78	1964	155	-442	-69	-24	273	
79	1971	135	-287	-131	-124	332	
80	2089	128	9	-1	-228	261	
81	2196	151	-23	-57	-184	130	
82	2264	142	-97	-133	-142	167	
83	2235	18	-84	-67	-66	236	
84	2158	-117	-150	-29	-57	227	
85	2174	-109	-171	-42	6	161	
86	2066	-97	-141	-54	107	100	
87	1960	-109	-160	-14	82	136	
88	1909	-78	-165	11	30	201	
89	1983	-66	-165	18	0	189	
90	1999	-58	-162	29	0	141	
91	2014	-56	-152	1	-3	110	
92	1982	-68	-152	-42	-30	92	
93	2010	-109	-148	-33	-33	79	
94	2038	-140	-149	-21	-28	56	
95	2035	-131	-155	-11	2	33	
96	2005	-114	-144	-12	-5	18	
97	1981	-87	-110	-5	-24	-5	
98	2008	-82	-100	-8	-41	-42	
99	2050	-107	-105	-8	-60	-83	
100	2055	-109	-90	-4	-45	-105	
101	2036	-125	-81	9	-6	-115	
102	1974	-90	-64	28	-4	-121	
103	1985	-78	-51	12	-33	-143	
104	2007	-48	-30	-13	-30	-172	
105	1990	-27	-1	-39	1	-214	
106	1990	-13	-8	-18	13	-235	
107	1992	5	-14	10	84	-260	
108	2059	29	100	50	113	-285	
109	2176	72	97	64	93	-277	
110	2235	139	-79	56	198	-310	
111	2052	122	-204	39	404	-376	
112	1893	184	-276	51	258	-283	
113	2077	220	-604	-4	-57	-209	
114	2267	187	-670	-60	-125	-227	
115	2094	176	-503	-21	-33	-188	
116	1888	107	-423	-19	-39	-37	
117	1843	155	-394	-22	-95	5	
118	1902	192	-394	8	-142	-13	
119	2015	171	-405	33	-205	-34	
120	2035	119	-349	85	-194	-32	
121	2079	92	-284	161	-136	10	
122	2098	130	-285	217	-75	53	
123	2057	209	-292	212	-8	60	
124	1980	279	-310	180	19	46	
125	1925	310	-258	159	-9	39	
126	1922	265	-221	109	-34	30	
127	1981	182	-201	87	-11	17	
128	2043	123	-215	148	9	46	
129	2050	139	-129	191	35	81	
130	2007	160	-144	174	68	97	
131	1976	183	-172	171	88	86	
132	1958	195	-189	119	58	47	
133	1857	132	-57	280	-5	12	
134	1921	204	-182	250	-71	149	
135	2262	169	-251	-7	-22	174	
136	2449	78	-291	-39	138	250	
137	2117	63	-261	-59	292	267	
138	1910	36	-273	-191	257	248	
139	2020	-33	-341	-125	50	184	
140	2093	-96	-381	18	-46	108	
141	2006	-117	-400	4	-65	70	
142	1961	-87	-456	-35	-112	100	
143	1957	-87	-459	-32	-187	127	
144	2000	-73	-440	-20	-224	112	
145	2035	-131	-414	19	-225	85	
146	2039	-161	-413	6	-183	54	
147	2009	-129	-365	21	-140	41	
148	2010	-106	-348	19	-77	14	
149	2007	-81	-345	31	-53	-20	
150	2016	-83	-370	-1	-70	-41	
151	2019	-53	-344	-12	-95	-64	
152	2023	-50	-348	-25	-81	-119	
153	2038	-79	-337	6	-71	-197	
154	2023	-80	-371	-3	-27	-210	
155	2060	-82	-328	18	35	-201	
156	2073	-77	-325	18	58	-185	
157	2041	-36	-347	-32	73	-188	
158	2018	-16	-375	-44	86	-206	
159	1960	-24	-338	-61	85	-250	
160	1978	39	-300	0	-19	-251	
161	2047	60	-273	-7	-65	-247	
162	2184	212	-229	-21	-101	-261	
163	2169	237	-251	-8	-10	-277	
164	2040	181	-299	-9	114	-264	
165	1879	151	-340	-11	183	-225	
166	1834	210	-308	-75	78	-136	
167	1951	296	-331	-74	-75	-129	
168	2033	314	-388	-41	-136	-174	
169	2038	312	-444	-91	-179	-150	
170	2004	302	-442	-190	-132	-99	
171	1947	295	-371	-227	-134	-61	
172	1960	288	-354	-202	-119	-27	
173	2005	270	-370	-234	-51	-17	
174	2036	246	-373	-199	-36	-21	
175	1979	275	-358	-196	-14	-20	
176	1998	254	-404	-209	12	-12	
177	1972	241	-413	-201	5	17	
178	2010	237	-392	-194	10	39	
179	2045	222	-394	-197	43	32	
180	2045	233	-381	-177	82	22	
181	2038	186	-431	-145	117	16	
182	2003	191	-417	-113	133	20	
183	2003	197	-427	-89	136	44	
184	1996	211	-436	-72	126	36	
185	1986	234	-418	-55	113	38	
186	1997	216	-426	-37	157	41	
187	1971	190	-451	-42	178	68	
188	1948	190	-452	-50	150	114	
189	1934	209	-465	-51	117	139	
190	1951	211	-513	-69	92	140	
191	1932	211	-572	-145	30	165	
192	1952	184	-580	-201	48	181	
193	1967	179	-209	-149	-21	164	
194	2312	85	126	178	-15	88	
195	2413	124	-146	134	123	78	
196	2222	216	-202	-176	250	79	
197	1867	229	-60	-293	150	122	
198	1837	136	51	-63	-66	168	
199	2023	47	-41	62	-108	173	
200	2137	-57	-77	-53	38	178	
201	2095	-113	-62	-129	91	231	
202	2058	-93	-59	-16	-12	304	
203	2015	-16	-73	50	-98	295	
204	1957	75	-76	15	-103	217	
205	1921	83	-80	-19	-94	159	
206	1948	45	-45	-34	-109	127	
207	1996	-7	-55	-46	-104	84	
208	2060	-36	-65	-97	-79	41	
209	2067	-68	-119	-113	-36	14	
210	2069	-83	-160	-114	22	-10	
211	2001	-98	-168	-153	81	-37	
212	1963	-134	-190	-118	152	-59	
213	1945	-129	-227	-75	185	-102	
214	1928	-125	-254	-48	181	-152	
215	1929	-102	-367	-36	124	-185	
216	1949	-90	-453	-16	-28	-178	
217	1960	-24	-485	-68	-172	-101	
218	2070	79	-205	-179	-302	-108	
219	2345	197	-141	-237	-354	-161	
220	2409	47	-193	43	-49	-294	
221	2315	27	115	135	22	-298	
222	2197	210	137	48	-2	-288	
223	2146	388	62	-6	8	-363	
224	1979	514	-50	-4	40	-418	
225	1744	421	-102	-187	13	-424	
226	1611	330	-88	-497	31	-325	
227	1811	274	-84	-431	-189	-352	
228	1997	173	-96	-232	-151	-257	
229	2050	126	-94	-236	-10	-141	
230	1960	209	-109	-266	-21	-30	
231	1922	316	-110	-272	-69	30	
232	2007	317	-158	-259	-56	40	
233	2073	298	-171	-313	-55	59	
234	2023	298	-178	-355	-90	104	
235	2002	276	-192	-413	-98	156	
236	1936	233	-198	-455	-78	197	
237	1974	184	-193	-389	-15	226	
238	1939	183	-178	-328	18	256	
239	1975	167	-216	-298	46	266	
240	1962	163	-278	-220	51	279	
241	1961	172	-410	-115	41	334	
242	1999	196	-380	-169	-85	367	
243	2129	175	-230	-78	-181	350	
244	2215	46	-200	21	-28	277	
245	2154	73	-37	-54	99	267	
246	2000	67	-22	-200	54	256	
247	1931	24	-70	-200	-40	265	
248	1982	-44	-90	-152	-154	236	
249	2198	-141	-155	-155	-145	134	
250	2210	-256	-135	-87	-8	130	
251	2107	-236	-91	-23	45	130	
252	2036	-218	-108	27	69	124	
253	1971	-181	-43	104	57	99	
254	1979	-156	-75	119	25	75	
255	2004	-149	-79	57	8	65	
256	2024	-141	-112	15	25	78	
257	2029	-159	-114	-41	41	68	
258	1966	-190	-123	-34	57	62	
259	1986	-221	-84	18	75	22	
260	1981	-223	-125	92	93	-21	
261	1973	-168	-168	82	62	-38	
262	1965	-142	-194	66	59	-49	
263	1988	-118	-225	44	45	-91	
264	1979	-138	-277	53	11	-148	
265	1972	-136	-271	71	-30	-157	
266	1999	-143	-278	77	-92	-172	
267	2067	-23	-163	33	-173	-203	
268	2203	106	-79	81	-285	-199	
269	2243	88	-171	101	-195	-282	
270	2069	97	-95	25	-76	-379	
271	1956	99	44	67	-42	-367	
272	2017	128	20	123	-40	-382	
273	2130	117	-61	124	-32	-431	
274	2095	162	-71	101	18	-465	
275	2009	188	-87	107	60	-415	
276	1923	215	-134	25	67	-324	
277	1909	200	-129	-71	37	-242	
278	1913	243	-157	-120	-27	-205	
279	1979	272	-140	-117	-74	-155	
280	2023	267	-128	-142	-84	-98	
281	1975	248	-110	-147	-50	-39	
282	1961	249	-110	-144	-10	8	
283	1978	258	-106	-98	-7	23	
284	1973	287	-104	-61	-22	33	
285	1993	322	-111	-60	-40	55	
286	1985	313	-94	-80	-54	84	
287	1968	296	-66	-108	-68	108	
288	1967	266	-79	-118	-103	121	
289	1944	259	-68	-98	-93	159	
290	1951	201	-25	-72	-68	196	
291	1936	157	-15	-64	-72	234	
292	1952	141	32	-45	-58	288	
293	1957	152	35	-42	-44	350	
294	2051	149	-18	-89	-21	370	
295	2117	129	-41	-148	-13	358	
296	2339	70	-157	-177	28	362	
297	2376	-22	-316	-303	97	317	
298	2204	-28	-372	-401	206	281	
299	2074	-142	-267	-274	213	299	
300	1981	-181	-231	-229	186	250	
301	1974	-230	-241	-52	113	208	
302	2039	-296	-211	154	66	207	
303	1976	-246	-228	238	35	180	
304	1868	-170	-208	237	-7	158	
305	1857	-128	-175	203	-63	122	
306	1923	-143	-187	181	-107	65	
307	1997	-169	-163	184	-112	11	
308	2037	-191	-168	149	-117	-16	
309	2039	-213	-136	141	-80	-50	
310	1984	-201	-88	144	-71	-112	
311	1944	-186	-103	129	-112	-114	
312	1986	-137	-75	100	-139	-128	
313	1989	-84	-57	36	-137	-166	
314	1982	-93	33	17	-125	-200	
315	1958	-84	54	-21	-79	-242	
316	1960	-65	30	26	-7	-271	
317	1981	-63	67	93	101	-322	
318	2028	-48	123	152	119	-350	
319	2219	37	1	200	45	-311	
320	2291	129	-268	207	99	-359	
321	2114	255	-380	212	114	-372	
322	2134	352	-450	218	-59	-396	
323	2298	466	-643	134	-275	-419	
324	2336	354	-548	87	-127	-411	
325	1885	208	-375	-2	74	-349	
326	1615	163	-301	-40	9	-190	
327	1663	125	-229	35	-82	-103	
328	1881	163	-250	145	-147	-89	
329	2050	220	-359	162	-176	-64	
330	2054	225	-377	57	-128	3	
331	1983	218	-321	20	-87	118	
332	1935	183	-305	23	-42	201	
333	1968	137	-266	17	-22	249	
334	1982	160	-263	26	-19	275	
335	2008	197	-200	50	13	318	
336	1968	224	-124	74	43	353	
337	1954	263	-161	3	59	350	
338	1952	254	-191	-94	65	329	
339	1989	230	-105	-97	49	308	
340	2128	203	8	-18	-54	271	
341	2410	66	-51	115	76	172	
342	2410	13	-212	144	296	176	
343	2248	-11	-305	-26	386	200	
344	2073	23	-432	-212	281	129	
345	1969	-63	-471	-167	169	163	
346	1913	-154	-419	-156	21	154	
347	1942	-181	-359	-140	-79	95	
348	2019	-201	-371	-108	-88	80	
349	1984	-230	-331	-38	-20	96	
350	1908	-233	-393	-69	42	97	
351	1884	-210	-302	-33	40	119	
352	1988	-164	-229	103	-11	94	
353	2087	-109	-284	108	-41	58	
354	2137	-87	-351	-4	-27	13	
355	2064	-89	-331	-118	-46	4	
356	1950	-118	-257	-152	-70	-38	
357	1909	-150	-229	-125	-116	-73	
358	1982	-179	-181	-104	-111	-85	
359	2044	-176	-193	-103	-104	-90	
360	2004	-149	-221	-125	-98	-110	
361	1971	-141	-234	-171	-43	-132	
362	1981	-97	-181	-197	-96	-85	
363	2134	-26	-185	-239	-125	-69	
364	2276	22	-88	-266	-123	-114	
365	2270	29	-138	-135	-64	-148	
366	2069	-26	-149	-111	102	-223	
367	1850	-79	-188	-86	253	-249	
368	1842	-88	-199	7	140	-162	
369	1933	-16	-155	133	-8	-112	
370	2019	84	-204	210	-14	-123	
371	2025	112	-227	293	44	-157	
372	1917	108	-238	342	13	-152	
373	1947	115	-283	330	-70	-103	
374	2288	225	-445	165	0	-130	
375	2322	79	-500	90	-70	-153	
376	2216	75	-425	8	57	-156	
377	2065	132	-409	-28	92	-135	
378	1968	160	-401	-65	57	-102	
379	1950	137	-331	-75	60	-110	
380	1950	111	-355	-8	73	-112	
381	1947	82	-366	17	92	-92	
382	1930	82	-371	42	83	-56	
383	1963	92	-375	34	56	-38	
384	1997	126	-417	-9	58	-12	
385	2024	161	-458	-68	82	34	
386	1983	168	-503	-181	108	87	
387	1953	117	-484	-224	110	138	
388	1915	83	-519	-297	75	163	
389	1905	64	-553	-385	18	207	
390	1946	61	-542	-442	-12	236	
391	2050	72	97	-207	-139	214	
392	2420	3	197	159	-121	128	
393	2586	191	-20	-151	-45	225	
394	2380	275	-49	-494	23	294	
395	2072	124	-29	-416	-8	261	
396	1764	-53	12	-334	21	108	
397	1639	-213	8	-288	123	92	
398	1740	-272	45	-264	101	177	
399	1929	-246	-54	-143	-56	257	
400	2065	-149	7	0	-211	251	
401	2089	-85	45	103	-194	134	
402	2027	-33	-34	69	-141	65	
403	2008	-57	-122	-40	-151	68	
404	2082	-111	-174	-62	-168	51	
405	2025	-158	-204	-68	-133	5	
406	1993	-196	-160	-60	-79	-23	
407	1988	-257	-156	-4	-39	-18	
408	2006	-240	-201	12	-13	-15	
409	1994	-221	-238	27	8	-20	
410	1977	-195	-301	51	39	-50	
411	1951	-205	-344	57	44	-89	
412	1945	-224	-371	56	38	-126	
413	1904	-191	-375	58	-22	-153	
414	1909	-182	-416	34	-113	-162	
415	1969	-163	-354	-2	-185	-164	
416	2143	3	-84	-52	-350	-140	
417	2431	121	-215	19	-306	-156	
418	2467	-34	-273	120	22	-253	
419	2287	-7	51	42	173	-302	
420	2250	130	64	-18	77	-279	
421	2175	212	89	31	79	-313	
422	1919	241	36	-35	193	-376	
423	1644	229	-48	-287	157	-355	
424	1691	254	-69	-444	-23	-281	
425	1919	215	-37	-405	-141	-192	
426	2149	159	-126	-268	-110	-147	
427	2095	188	-105	-336	30	-143	
428	1942	247	-88	-338	54	-148	
429	1989	265	-117	-320	27	-160	
430	2026	266	-133	-310	19	-171	
431	2003	232	-119	-311	17	-140	
432	1963	186	-157	-320	29	-109	
433	1925	166	-207	-348	13	-83	
434	1909	178	-201	-322	4	-41	
435	1919	188	-145	-230	-15	0	
436	1981	166	-185	-160	-14	16	
437	2043	192	-62	-8	45	21	
438	1993	202	-128	115	141	22	
439	1936	282	-230	-39	97	30	
440	2040	355	-376	-390	-138	33	
441	2165	457	-250	-690	-166	-8	
442	2106	494	-154	-750	-18	-47	
443	2102	353	-164	-675	117	-110	
444	1967	208	-156	-433	251	17	
445	1859	165	7	-527	207	25	
446	1841	193	373	-469	191	110	
447	2112	144	190	-382	94	15	
448	2194	40	25	-406	-11	38	
449	2120	31	129	-350	28	66	
450	2085	-10	163	-399	29	38	
451	2072	-66	137	-417	81	13	
452	2051	-110	150	-299	169	43	
453	1958	-225	193	-176	167	144	
454	1959	-201	147	-22	198	198	
455	1955	-156	160	59	152	172	
456	1920	-91	188	134	66	180	
457	1944	-81	239	244	5	152	
458	1962	-48	262	258	-34	61	
459	1948	-43	254	232	-53	-13	
460	1874	-12	274	226	-76	-17	
461	1861	-26	266	229	-70	-59	
462	1852	-14	213	255	-92	-136	
463	1846	74	217	285	-108	-171	
464	1984	92	312	394	-168	-196	
465	2100	192	163	412	-147	-266	
466	2159	281	-18	271	-165	-318	
467	2077	320	-112	320	-109	-351	
468	2007	357	-112	368	-142	-323	
469	2084	430	-122	262	-197	-241	
470	2259	484	-208	171	-230	-200	
471	2222	401	-300	13	-144	-204	
472	1922	406	-212	-10	-62	-149	
473	1758	382	-198	-54	-34	-64	
474	1872	364	-220	-127	-84	-51	
475	2017	355	-184	-76	-71	-93	
476	2004	326	-152	-17	-96	-74	
477	2000	294	-168	-9	-98	-13	
478	1986	337	-201	-56	-78	5	
479	1983	390	-197	-78	-69	29	
480	1970	351	-161	-50	-70	32	
481	1926	316	-160	-74	-40	39	
482	1917	285	-143	-77	-21	50	
483	1903	268	-122	-34	5	87	
484	1937	243	-84	30	-19	126	
485	1971	281	-114	80	-57	164	
486	1989	293	-103	123	-46	180	
487	1975	287	-85	181	-2	178	
488	1982	281	-40	209	7	194	
489	1957	264	-46	206	12	225	
490	1980	237	-33	192	28	256	
491	1925	203	8	206	74	278	
492	1954	182	57	281	46	313	
493	1978	186	74	362	81	345	
494	2074	222	12	377	126	371	
495	2153	225	-81	257	141	352	
496	2116	155	-104	168	144	333	
497	2092	53	-186	82	166	309	
498	2240	82	-359	-91	79	275	
499	2347	41	-423	-83	-5	311	
500	2084	-4	-404	-61	-88	288	
501	1863	45	-262	-85	-72	134	
502	1762	-94	-49	74	-102	79	
503	1937	-195	-108	223	-80	84	
504	2084	-253	-174	224	-114	146	
505	2100	-126	-325	139	-119	158	
506	1948	-11	-348	2	-115	73	
507	1852	-43	-312	-46	-158	-14	
508	1864	-119	-228	-13	-213	-59	
509	2034	-149	-185	13	-188	-63	
510	2108	-140	-153	2	-157	-78	
511	2055	-89	-136	13	-174	-91	
512	2014	-51	-157	21	-160	-108	
513	2005	-49	-146	14	-142	-145	
514	2004	-14	-116	-30	-121	-175	
515	1993	17	-115	-52	-80	-216	
516	2027	24	-111	-42	-22	-237	
517	2133	94	19	-60	-37	-226	
518	2250	143	14	21	-92	-183	
519	2303	241	-12	-2	-51	-177	
520	2266	129	-249	-8	199	-197	
521	1998	-57	-416	43	393	-248	
522	1706	-69	-470	103	404	-179	
523	1733	25	-525	130	127	-41	
524	2032	170	-587	94	-152	32	
525	2237	274	-527	150	-244	-35	
526	2100	335	-498	121	-187	-102	
527	1907	193	-424	16	-139	-76	
528	1896	129	-378	-43	-128	-15	
529	2013	84	-416	5	-125	23	
530	2049	96	-451	40	-65	38	
531	2032	126	-476	-15	-34	78	
532	1994	171	-420	-72	-24	139	
533	1960	188	-349	-72	8	158	
534	1952	161	-350	-100	3	170	
535	1955	130	-325	-159	-7	193	
536	2023	116	-261	-167	-42	199	
537	2144	72	-187	-59	-16	211	
538	2284	-28	-133	89	62	206	
539	2180	92	-167	-73	102	137	
540	1991	165	-254	-223	160	169	
541	1762	8	-319	-371	145	126	
542	1741	-130	-394	-378	39	80	
543	1998	-209	-472	-268	-99	78	
544	2234	-235	-428	-173	-142	133	
545	2177	-163	-302	-98	-36	94	
546	1934	-134	-235	-34	11	71	
547	1902	-151	-267	35	-10	55	
548	2005	-131	-309	30	-59	77	
549	2081	-56	-407	-56	-79	77	
550	2087	-97	-425	-108	-55	27	
551	1979	-136	-389	-101	-25	-25	
552	1966	-179	-364	-67	8	-62	
553	2027	-213	-374	-40	27	-84	
554	2029	-226	-400	23	33	-107	
555	1989	-151	-423	29	11	-104	
556	1952	-131	-432	40	-18	-126	
557	1898	-137	-505	35	-57	-145	
558	1927	-154	-570	13	-121	-146	
559	1946	-120	-409	-101	-184	-113	
560	2223	55	-121	-96	-391	-78	
561	2433	80	-385	45	-249	-101	
562	2382	0	-270	33	84	-240	
563	2100	-18	-55	-104	228	-227	
564	2134	101	-40	-99	114	-127	
565	2182	147	-35	24	121	-197	
566	1948	185	-44	41	179	-265	
567	1718	271	-110	-125	151	-226	
568	1789	295	-147	-256	19	-210	
569	1976	246	-180	-221	-60	-235	
570	2096	172	-251	-120	-72	-213	
571	2039	139	-228	-173	-26	-133	
572	1964	174	-234	-208	-20	-80	
573	1955	238	-207	-189	-27	-75	
574	2019	267	-198	-184	-26	-92	
575	2069	249	-215	-189	1	-92	
576	2040	214	-250	-209	31	-62	
577	1983	167	-271	-221	38	-34	
578	1973	169	-291	-208	27	-14	
579	1987	187	-314	-197	19	4	
580	1994	208	-321	-184	37	28	
581	1983	214	-262	-146	55	56	
582	1980	238	-276	-198	53	82	
583	1984	233	-292	-257	54	87	
584	1951	232	-303	-249	42	89	
585	1916	221	-406	-275	57	125	
586	1944	210	-404	-312	20	150	
587	2012	128	-266	-244	-47	170	
588	2143	54	-93	-59	17	127	
589	2201	-6	-131	-23	108	94	
590	2099	129	-140	-99	1	177	
591	2056	201	-39	-89	-91	224	
592	2150	212	127	70	-186	189	
593	2291	169	60	80	-153	86	
594	2179	61	16	-97	-6	21	
595	1981	-37	44	-254	135	-2	
596	1934	-13	-127	-118	164	0	
597	1948	-147	108	25	187	98	
598	2056	-59	83	-34	151	142	
599	2021	63	71	-128	105	132	
600	1951	124	66	-286	20	91	
601	1982	40	83	-356	-2	77	
602	2031	-33	34	-332	6	51	
603	2002	-56	-6	-304	78	42	
604	1935	-102	66	-300	80	8	
605	1972	-99	87	-256	56	-17	
606	1970	-71	72	-243	38	-8	
607	1995	-2	64	-298	38	4	
608	1984	26	75	-377	45	-17	
609	1921	7	119	-417	33	-26	
610	1936	8	135	-532	13	-26	
611	1992	-37	126	-605	-21	-21	
612	1996	-68	121	-525	-102	-63	
613	1944	-50	118	-516	-171	-132	
614	1936	-80	141	-549	-174	-190	
615	1964	-97	141	-519	-158	-216	
616	2000	-132	111	-566	-57	-213	
617	1917	-167	115	-459	-40	-210	
618	2024	-62	176	-447	3	-152	
619	2183	42	91	-345	58	-80	
620	2272	245	-159	-390	4	-93	
621	2129	317	-258	-426	132	-165	
622	2211	341	-234	-284	80	-145	
623	2332	234	-492	-160	-29	-36	
624	2274	217	-489	-256	62	-118	
625	2017	186	-336	-119	144	-107	
626	1806	248	-304	-30	19	-22	
627	1902	314	-368	-46	-54	-43	
628	1978	288	-378	-112	-43	-102	
629	1986	175	-364	-28	-74	-66	
630	1966	139	-333	-20	-102	-10	
631	1959	232	-311	-153	-81	19	
632	1928	315	-278	-283	-163	33	
633	1839	282	-284	-316	-210	-3	
634	1808	208	-194	-325	-197	-48	
635	1784	179	-92	-315	-188	-88	
636	1723	154	-101	-165	-84	-216	
637	1513	12	14	82	67	-335	
638	1344	-114	-16	286	190	-317	
639	1421	-163	63	509	21	-168	
640	1871	-56	-458	480	-171	148	
641	2139	89	-477	294	-359	512	
642	2302	120	-412	311	-358	509	
643	2525	283	-328	383	-319	555	
644	3004	306	-452	239	-426	613	
645	3325	344	-372	-21	-339	367	
646	3175	278	-446	98	-168	119	
647	2787	221	-438	127	-110	-53	
648	2409	209	-455	15	-61	-197	
649	1881	248	-386	-164	-10	-384	
650	1418	216	-317	-206	-25	-526	
651	1163	97	-124	-95	-95	-587	
652	1140	25	-166	-219	-15	-646	
653	1283	-78	-148	-315	100	-701	
654	1577	-170	-44	-125	158	-563	
655	1710	-317	-412	3	197	-233	
656	1704	-408	-398	-46	129	62	
657	1656	-307	-297	104	9	338	
658	1893	-182	-467	262	-241	658	
659	2193	12	-554	290	-431	866	
660	2392	232	-474	243	-457	891	
661	2811	438	-505	311	-556	758	
662	2922	448	-529	208	-431	583	
663	3002	451	-548	-100	-254	263	
664	2836	404	-507	-251	-139	80	
665	2542	289	-478	-335	-201	-182	
666	2258	200	-445	-345	-129	-469	
667	1785	258	-291	-440	89	-762	
668	1471	91	-227	-513	370	-963	
669	1349	-118	-229	-443	701	-886	
670	1190	-369	-268	-441	603	-741	
671	916	-449	-228	-246	523	-484	
672	997	-355	-287	-120	208	-70	
673	1703	-178	-407	120	52	328	
674	1944	-139	-417	148	-9	585	
675	2258	-34	-490	-62	28	654	
676	2555	73	-432	8	-44	868	
677	2825	32	-352	275	-95	976	
678	3114	314	-515	295	-122	933	
679	3165	561	-367	152	-30	694	
680	2996	687	-340	-44	-32	313	
681	2741	578	-369	-124	-90	-9	
682	2486	328	-374	-226	-203	-202	
683	2018	248	-328	-482	-293	-407	
684	1695	175	-266	-491	-358	-535	
685	1408	81	-245	-585	-243	-649	
686	1192	6	-116	-663	-80	-704	
687	1157	-85	-22	-585	131	-729	
688	1290	-252	-55	-334	158	-713	
689	1506	-359	-121	102	180	-532	
690	1558	-444	-384	573	107	-309	
691	1696	-94	-521	444	-104	20	
692	1915	57	-577	382	-133	324	
693	2199	104	-540	238	-213	427	
694	2441	132	-578	85	-216	437	
695	2555	141	-533	-132	-215	520	
696	2723	213	-495	-147	-211	575	
697	2823	257	-500	-81	-120	475	
698	2754	255	-462	8	-12	364	
699	2634	314	-502	29	-6	243	
700	2454	328	-460	29	50	98	
701	2247	323	-435	14	74	-23	
702	2060	245	-429	37	67	-135	
703	1944	197	-424	73	62	-215	
704	1689	53	-347	129	61	-278	
705	1697	-2	-406	69	32	-293	
706	1506	-125	-410	-31	98	-273	
707	1362	-205	-232	-55	181	-236	
708	1443	-158	-323	53	151	-187	
709	1691	-43	-419	35	58	-177	
710	2091	11	-487	59	-12	-181	
711	2407	-26	-515	159	51	-158	
712	2330	-121	-484	248	161	-155	
713	2162	-30	-414	296	202	-38	
714	2104	46	-364	462	178	86	
715	2090	73	-237	636	197	125	
716	1851	132	-305	507	344	63	
717	1659	273	-379	213	391	82	
718	1898	375	-240	235	334	107	
719	2266	264	-366	411	301	84	
720	2510	181	-518	419	360	32	
721	2410	173	-417	442	367	31	
722	2246	225	-374	487	386	7	
723	2081	278	-320	505	407	-48	
724	1948	355	-288	431	315	-85	
725	1732	341	-252	302	365	-98	
726	1519	259	-322	187	435	-63	
727	1423	146	-447	136	370	29	
728	1628	50	-506	170	208	123	
729	1862	-4	-475	305	65	150	
730	2128	62	52	752	-81	134	
731	2371	79	-279	970	-91	146	
732	2430	238	-315	719	-129	180	
733	1916	354	-25	255	-221	117	
734	1661	420	196	65	-315	14	
735	1785	252	83	26	-248	-90	
736	2095	58	-42	97	-168	-2	
737	2323	-67	-124	157	-199	103	
738	2245	-13	-164	61	-198	167	
739	2170	87	-208	-59	-254	209	
740	2097	67	-145	-11	-336	233	
741	2019	35	-95	-51	-307	207	
742	1916	19	-92	-157	-196	202	
743	1897	5	-60	-149	-133	182	
744	1947	8	-76	-147	-92	118	
745	2031	5	-100	-146	-39	38	
746	2077	14	-156	-132	22	-28	
747	2080	-18	-244	-138	47	-38	
748	2060	-72	-280	-183	67	-36	
749	1971	-89	-308	-198	97	-63	
750	1875	-139	-372	-193	56	-83	
751	1814	-166	-423	-156	-50	-69	
752	1753	-175	-465	-145	-198	-58	
753	1795	-146	-465	-109	-266	-69	
754	1905	-124	-453	-48	-312	-135	
755	2211	30	-291	33	-421	-132	
756	2623	164	-401	193	-390	-29	
757	2729	115	-419	228	-171	-120	
758	2349	202	-96	85	99	-276	
759	2092	236	53	-46	55	-274	
760	1909	185	63	-27	138	-272	
761	1662	156	9	-44	255	-229	
762	1559	181	-90	-163	172	-131	
763	1734	244	-194	-230	-28	-78	
764	2132	227	-236	-113	-10	-186	
765	2356	165	-291	144	96	-191	
766	2206	106	-336	203	202	-73	
767	1974	121	-326	155	175	4	
768	1971	200	-307	165	130	4	
769	1996	280	-336	158	113	-8	
770	1980	310	-380	87	86	-28	
771	1881	284	-414	-22	43	-20	
772	1843	244	-393	-39	-25	25	
773	1829	160	-440	12	-101	77	
774	1784	162	-375	28	-161	145	
775	1781	172	-450	26	-231	190	
776	1840	178	-537	-18	-299	196	
777	1891	249	-400	-37	-355	215	
778	2007	305	-18	106	-447	200	
779	2363	259	-35	281	-331	130	
780	2420	284	-366	-8	-277	115	
781	2277	397	-113	-163	-397	254	
782	2298	351	-99	-194	-296	106	
783	2201	89	-172	-199	-120	-50	
784	2131	-298	-215	-201	171	-57	
785	2033	-411	-149	-49	279	71	
786	2058	-254	-187	78	112	242	
787	2036	-47	-182	40	53	240	
788	1961	82	-198	-68	52	162	
789	1859	61	-213	-86	23	113	
790	1899	-64	-168	-49	31	64	
791	1966	-162	-181	3	56	30	
792	1997	-188	-160	58	43	36	
793	1993	-124	-146	97	-12	34	
794	1974	-71	-105	130	-66	-8	
795	1961	-2	-132	132	-94	-69	
796	1970	23	-150	33	-104	-108	
797	1966	-7	-143	-35	-90	-126	
798	1973	-26	-102	-142	-98	-113	
799	1987	15	-99	-230	-134	-134	
800	1963	41	-30	-290	-159	-153	
801	1981	44	80	-331	-79	-196	
802	2008	9	105	-372	51	-246	
803	2098	14	64	-304	160	-269	
804	2175	87	104	-203	226	-284	
805	2313	436	-186	-318	360	-211	
806	2380	211	-410	-449	331	-191	
807	2234	261	-587	-373	457	-262	
808	2143	353	-525	-144	263	-191	
809	2362	258	-812	31	-63	-119	
810	2367	193	-625	22	78	-250	
811	1928	231	-428	88	234	-166	
812	1699	285	-384	-9	96	-59	
813	1646	335	-387	-46	63	-99	
814	1693	305	-463	-75	23	-172	
815	1831	152	-450	-73	-85	-133	
816	1992	30	-457	30	-76	-106	
817	1986	96	-410	59	-51	21	
818	1967	201	-369	83	-95	108	
819	1942	277	-320	82	-102	120	
820	1902	310	-312	66	-64	117	
821	1902	259	-267	63	-67	136	
822	1970	221	-209	59	-22	155	
823	2021	216	-97	45	-17	195	
824	2056	208	-39	26	15	153	
825	1987	187	113	75	2	159	
826	1942	199	260	193	14	168	
827	2119	193	133	282	111	103	
828	2392	94	-173	402	287	73	
829	2393	119	-298	366	279	76	
830	2273	217	-664	21	185	-5	
831	2075	307	-691	-159	79	204	
832	1967	76	-529	-267	62	284	
833	1919	-88	-469	-418	32	167	
834	1924	-203	-324	-233	59	57	
835	1887	-162	-345	-26	5	29	
836	1875	-120	-393	93	-57	65	
837	1913	-52	-433	120	-87	93	
838	1999	50	-393	89	-107	47	
839	2025	92	-350	14	-98	-50	
840	2013	92	-292	-60	-82	-112	
841	2052	54	-294	-121	-81	-144	
842	2056	34	-330	-170	-120	-116	
843	2030	47	-310	-229	-156	-113	
844	2000	35	-245	-265	-180	-162	
845	2010	85	-122	-236	-179	-223	
846	2212	193	-47	-217	-133	-252	
847	2349	230	-68	-197	54	-342	
848	2247	215	-129	-136	258	-389	
849	2031	154	-336	-45	337	-286	
850	1796	56	-481	-4	339	-288	
851	1678	145	-580	51	207	-251	
852	1806	270	-562	90	-83	-115	
853	2064	338	-482	89	-225	-70	
854	2115	369	-423	-1	-142	-101	
855	1991	344	-329	-16	-87	-82	
856	1928	269	-365	77	-73	-73	
857	1953	247	-377	124	-101	-80	
858	2003	308	-398	113	-113	-43	
859	2010	351	-361	95	-45	-9	
860	1976	357	-388	95	30	-19	
861	1962	359	-389	76	45	1	
862	1977	346	-388	68	62	10	
863	2001	319	-422	60	79	27	
864	1995	296	-437	48	89	46	
865	1968	308	-503	9	96	68	
866	1951	297	-608	-63	35	107	
867	1896	302	-639	-147	-37	154	
868	1834	276	-731	-222	-65	198	
869	1845	264	-487	-226	-170	263	
870	2173	213	-89	132	-212	215	
871	2334	186	-365	68	-88	137	
872	2217	272	-265	-300	-88	204	
873	1916	312	-176	-491	-137	180	
874	1875	198	-160	-274	-178	174	
875	2054	49	-232	-136	-208	212	
876	2203	-49	-250	-156	-108	201	
877	2067	-100	-233	-156	-24	203	
878	1967	-101	-276	-82	-116	274	
879	2047	-71	-224	63	-204	278	
880	2056	7	-221	128	-120	186	
881	2014	51	-262	98	-7	136	
882	2048	40	-304	62	21	138	
883	2069	-47	-334	71	32	113	
884	2039	-87	-363	80	52	66	
885	2007	-97	-362	88	83	14	
886	1989	-74	-394	68	119	-11	
887	1984	-69	-404	48	138	-21	
888	1970	-84	-423	51	178	-54	
889	1920	-122	-497	76	216	-116	
890	1846	-226	-490	131	191	-156	
891	1835	-196	-521	147	76	-138	
892	1942	-180	-498	143	-2	-153	
893	2109	-86	-315	196	-114	-147	
894	2477	158	4	198	-257	-87	
895	2604	193	-473	169	-125	-170	
896	2352	36	-416	147	183	-361	
897	2007	156	51	148	194	-303	
898	1974	383	59	133	-23	-123	
899	2063	396	-2	46	97	-249	
900	1933	385	-30	-163	148	-331	
901	1745	335	-80	-343	-43	-237	
902	1822	311	-118	-443	-128	-194	
903	2043	348	-138	-351	-97	-168	
904	2121	295	-156	-270	0	-112	
905	1988	296	-139	-230	36	-74	
906	1879	303	-148	-111	64	-77	
907	1875	366	-221	-91	27	-109	
908	1952	380	-283	-162	-16	-138	
909	1978	341	-322	-222	-66	-148	
910	1984	278	-336	-294	-73	-130	
911	1994	239	-344	-325	-63	-86	
912	1974	248	-374	-330	-55	-4	
913	1936	218	-334	-283	-21	66	
914	1893	233	-402	-208	-1	135	
915	1827	249	-421	-183	-78	191	
916	1840	262	-433	-162	-121	247	
917	1843	229	-458	-79	-116	296	
918	1911	188	-456	-24	-232	324	
919	2058	206	-282	212	-124	294	
920	2192	244	-143	406	-136	190	
921	2262	351	-140	459	-138	91	
922	2182	383	-84	213	-259	54	
923	2205	376	-154	32	-271	87	
924	2273	259	-89	-1	-223	112	
925	2169	18	-123	-35	-87	33	
926	1991	-162	-127	-94	73	59	
927	1894	-201	-79	-1	120	195	
928	2003	-178	-154	185	-23	355	
929	2135	-36	-157	118	-97	359	
930	2088	81	-177	20	-45	280	
931	1988	86	-129	18	37	198	
932	1930	-18	-147	47	73	198	
933	2018	-86	-125	116	70	225	
934	2086	-114	-138	124	19	212	
935	2112	-89	-159	112	26	117	
936	2004	-62	-121	107	50	49	
937	1952	-44	-148	93	50	27	
938	2003	-59	-166	70	51	4	
939	2035	-62	-194	46	69	-35	
940	2044	-24	-178	3	50	-83	
941	2027	-31	-115	-17	31	-145	
942	1991	-42	-70	-40	20	-182	
943	1990	-48	-39	-49	12	-190	
944	2003	-33	7	-52	12	-197	
945	2050	-12	81	-77	37	-216	
946	2050	37	103	-126	93	-229	
947	2097	44	91	-173	150	-226	
948	2068	57	45	-215	237	-256	
949	1989	78	-60	-138	331	-329	
950	1833	187	-13	-257	391	-370	
951	2019	344	189	-481	364	-321	
952	2409	339	-121	-455	208	-320	
953	2396	241	-425	-342	290	-515	
954	1935	253	-405	-266	327	-511	
955	2005	262	-338	-298	133	-319	
956	2172	324	-302	-204	62	-253	
957	2092	394	-295	-167	119	-275	
958	1842	321	-232	-154	128	-241	
959	1742	213	-135	-85	64	-177	
960	1784	246	-187	-88	-9	-136	
961	1960	271	-203	-98	-68	-99	
962	2015	291	-190	-104	-80	-36	
963	1932	260	-123	-60	-86	14	
964	1967	265	-101	2	-136	72	
965	1934	303	-61	18	-126	104	
966	1938	323	-27	27	-77	129	
967	1949	353	39	54	-57	156	
968	1947	348	92	115	-53	197	
969	1934	330	130	145	-20	208	
970	1874	300	80	80	-41	232	
971	1839	311	174	52	-51	255	
972	1822	290	290	77	-22	247	
973	1974	221	313	166	-26	269	
974	2123	248	218	302	15	271	
975	2253	314	8	337	135	286	
976	2248	346	-69	307	199	308	
977	2178	275	-216	188	204	265	
978	2105	208	-353	-130	161	174	
979	2142	196	-412	-243	54	113	
980	2090	119	-332	-276	-91	120	
981	1991	64	-170	-290	-160	51	
982	1893	-40	-18	-152	-11	-59	
983	1851	-171	-113	-7	60	-77	
984	1905	-98	-238	17	-41	74	
985	2054	-1	-354	-25	-173	111	
986	2064	82	-373	-134	-233	45	
987	1978	74	-259	-163	-243	-31	
988	1943	3	-130	-171	-196	-71	
989	2005	27	-138	-155	-128	-98	
990	2089	19	-143	-163	-130	-107	
991	2029	31	-125	-163	-144	-131	
992	1977	31	-89	-145	-169	-163	
993	1980	103	-79	-117	-170	-213	
994	2012	251	-96	-144	-99	-284	
995	2031	229	26	-142	-122	-294	
996	2159	270	31	-162	-143	-252	
997	2453	307	-165	-121	-70	-194	
998	2309	204	-298	-67	61	-231	
999	1865	50	-344	-46	383	-339	
1000	1436	58	-428	-37	324	-143	
