0	2026	-184	2241	6	-2	0	
1	2028	-174	2240	6	0	0	
2	2015	-181	2242	5	1	4	
3	2011	-177	2235	7	-4	1	
4	2007	-181	2252	4	-3	3	
5	2020	-182	2253	4	-5	3	
6	2016	-174	2243	4	0	2	
7	1998	-179	2249	8	-2	-1	
8	1967	-182	2248	6	1	-39	
9	2003	-181	2260	7	0	-13	
10	1959	-174	2247	5	-3	-7	
11	2004	-190	2243	3	-1	3	
12	2003	-187	2258	-1	-1	4	
13	2009	-182	2245	3	-2	-1	
14	2018	-175	2256	9	2	1	
15	2025	-179	2243	4	-2	3	
16	2017	-177	2239	6	-1	-2	
17	2019	-180	2244	3	1	3	
18	2032	-180	2240	5	-2	1	
19	2024	-178	2244	-1	-1	-1	
20	2018	-185	2239	5	-1	4	
21	2009	-174	2242	4	-4	4	
22	2015	-177	2246	1	-3	2	
23	2006	-183	2241	7	-1	1	
24	1970	-170	2250	7	4	47	
25	1984	-180	2238	5	3	52	
26	2021	-194	2242	8	8	69	
27	2011	-177	2237	5	1	29	
28	1991	-181	2246	5	-6	0	
29	2006	-184	2251	-1	-1	33	
30	1922	-174	2245	-3	-6	72	
31	1852	-158	2245	0	-8	172	
32	1924	-196	2248	-5	-11	346	
33	1863	-125	2237	-6	-14	301	
34	1732	-152	2245	6	-1	373	
35	1801	-140	2229	5	2	363	
36	1730	24	2244	2	2	96	
37	1603	65	2219	0	-5	-77	
38	1666	-339	2243	0	-6	-110	
39	1653	-271	2313	14	-5	-177	
40	1604	-146	2221	2	7	-203	
41	1591	-161	2263	10	2	-273	
42	1733	-238	2185	-12	-22	-313	
43	1765	-137	2268	16	10	-300	
44	1777	-1	2175	1	8	-184	
45	1976	-177	2313	11	-5	-318	
46	1970	-157	2213	11	-7	-375	
47	2153	-265	2185	-2	10	-322	
48	2105	-154	2207	-1	-12	-156	
49	2038	-267	2194	-1	7	-218	
50	2027	-214	2305	18	-6	-25	
51	2246	-108	2227	3	-13	61	
52	2132	-112	2214	-1	-8	-37	
53	2058	-332	2271	8	-2	-79	
54	2159	-191	2281	-5	-6	-20	
55	1949	-289	2268	5	-1	-57	
56	2221	-315	2231	-1	-7	-139	
57	2116	-111	2217	7	8	-102	
58	2106	-136	2160	10	-10	-55	
59	2034	-265	2238	6	3	-73	
60	2089	-48	2245	4	14	-139	
61	2050	-124	2270	5	-7	-170	
62	2183	-254	2326	3	8	-159	
63	1982	-375	2218	16	-2	-116	
64	1991	-197	2197	5	-4	33	
65	2019	-166	2267	3	-6	105	
66	2061	-153	2209	3	-8	126	
67	2061	-266	2253	9	-8	136	
68	2080	-100	2243	-9	-8	37	
69	2066	-196	2278	9	-4	95	
70	2056	-233	2242	15	-6	176	
71	2070	-159	2245	7	5	202	
72	2041	-73	2200	-2	-9	178	
73	1988	-233	2238	4	-7	258	
74	2143	-254	2302	6	-10	203	
75	1984	-279	2238	7	6	62	
76	1983	-135	2217	0	2	155	
77	2156	-195	2251	4	14	141	
78	2097	-106	2258	-1	-2	58	
79	2038	-151	2268	4	11	13	
80	2056	-198	2244	0	-12	41	
81	1989	-203	2243	-1	-5	64	
82	2037	-164	2281	3	5	95	
83	2021	-172	2274	8	-5	88	
84	2026	-185	2228	13	-10	164	
85	2001	-178	2253	10	-6	175	
86	2039	-162	2297	17	-6	-52	
87	1998	0	2265	4	-6	-117	
88	2042	-243	2290	10	-10	-67	
89	2092	-191	2177	0	2	-95	
90	2057	-229	2183	-4	0	-189	
91	1996	-174	2292	9	-1	-201	
92	2047	-118	2281	12	1	-157	
93	2222	-168	2227	6	-2	-321	
94	2082	-96	2225	16	2	-285	
95	2245	-151	2265	14	3	-331	
96	2327	-180	2269	2	12	-275	
97	2125	-172	2243	-1	6	1	
98	2201	-203	2280	18	-26	104	
99	2318	-137	2237	2	-11	-7	
100	2295	-157	2255	-2	3	170	
101	2277	-154	2197	-9	9	355	
102	2404	-292	2198	-6	3	218	
103	2227	-163	2272	12	3	17	
104	2172	-113	2192	-4	-1	-46	
105	2223	-183	2231	5	3	-123	
106	2264	-20	2240	3	-1	-263	
107	2093	-90	2205	6	6	-271	
108	2002	76	2229	8	-3	-330	
109	2122	-107	2217	0	10	-399	
110	1905	-222	2193	15	-15	-93	
111	1979	92	2198	7	2	235	
112	1929	140	2221	-2	-5	500	
113	2099	-281	2291	15	6	379	
114	2050	-122	2289	-6	-14	329	
115	2113	-177	2197	-2	8	228	
116	2069	-145	2193	1	-6	153	
117	2012	-158	2251	7	-5	100	
118	2074	-215	2269	-14	-8	191	
119	2311	-187	2181	-5	-6	127	
120	2092	-138	2250	8	-4	53	
121	2081	-230	2332	17	1	76	
122	2070	-89	2290	-6	5	123	
123	2169	-286	2342	-3	-3	88	
124	1915	-320	2214	1	-5	92	
125	2116	-285	2251	8	9	140	
126	2102	-23	2255	4	3	124	
127	2020	-134	2200	13	-9	19	
128	2098	-435	2255	15	2	67	
129	2112	-136	2261	-3	2	141	
130	2077	-299	2272	10	-5	127	
131	1918	-436	2279	10	-4	-13	
132	2201	-406	2306	6	13	54	
133	1829	53	2202	8	7	303	
134	1970	0	2226	-2	-2	248	
135	2102	-196	2238	12	0	178	
136	1999	-134	2253	4	1	167	
137	1942	-160	2256	18	5	277	
138	1983	120	2213	2	-6	131	
139	2074	-112	2288	23	-5	119	
140	1868	106	2195	1	-4	31	
141	1985	7	2230	7	14	-3	
142	1923	-309	2254	7	15	42	
143	1916	-248	2231	15	-8	18	
144	1886	-234	2305	6	16	-24	
145	1939	50	2204	2	4	18	
146	1884	-103	2247	-1	1	-6	
147	1925	-158	2206	3	1	16	
148	2002	-257	2277	3	0	65	
149	1901	-362	2270	4	-3	65	
150	1955	-202	2268	1	-1	74	
151	1813	-213	2213	1	-3	20	
152	1955	-441	2302	27	7	-34	
153	1875	-180	2214	3	-2	-25	
154	2042	-350	2281	17	1	41	
155	1986	-258	2285	19	7	-94	
156	1948	-123	2239	15	1	-132	
157	1960	1	2203	3	0	-221	
158	1951	128	2238	-1	-3	-302	
159	1892	-38	2239	5	2	-268	
160	1813	-154	2259	0	-4	-31	
161	1836	-236	2260	6	-1	202	
162	1855	-236	2241	5	2	277	
163	1857	-221	2231	0	0	153	
164	2010	-184	2244	4	-5	2	
165	1819	-160	2227	1	-6	168	
166	1852	-163	2231	0	-1	99	
167	1824	-182	2238	9	-1	-157	
168	1740	-150	2234	10	9	-259	
169	1725	-232	2241	13	5	-147	
170	1814	-336	2255	12	-2	-99	
171	1722	49	2298	-3	-11	11	
172	1821	-534	2274	13	-7	156	
173	1971	-143	2239	-2	-7	236	
174	1995	-279	2260	4	-7	-122	
175	1889	-137	2236	4	-3	-143	
176	1888	-271	2299	11	-1	-101	
177	1950	-191	2296	11	12	-133	
178	1828	-186	2272	18	1	-124	
179	2007	-26	2281	11	2	-196	
180	2085	-193	2310	6	3	-240	
181	1923	-409	2259	31	22	-331	
182	2080	-225	2289	-5	1	-206	
183	2178	-165	2193	8	0	-153	
184	1979	-235	2270	7	-11	-210	
185	2119	-344	2243	5	0	-226	
186	2091	-238	2249	5	-1	-211	
187	2072	-204	2185	-2	-5	-205	
188	2081	-128	2235	9	-2	-263	
189	2032	-60	2201	8	-5	-151	
190	2136	-194	2244	6	-4	-177	
191	2282	-153	2276	11	10	-193	
192	2234	-2	2292	8	7	-123	
193	2007	-409	2287	5	-4	-247	
194	2136	-235	2241	0	0	-123	
195	1980	-257	2237	6	10	-153	
196	2095	-155	2223	7	2	-72	
197	1990	-145	2214	-7	1	-109	
198	1980	-33	2223	-4	-11	140	
199	2066	-301	2308	13	-3	127	
200	2063	-300	2314	24	-1	27	
201	2102	-259	2357	1	-5	-9	
202	2029	-217	2294	-2	11	-35	
203	1888	-207	2256	-2	-8	31	
204	2031	-86	2230	2	0	30	
205	2211	-156	2269	5	-3	-115	
206	1922	-181	2263	11	-6	-189	
207	1938	-108	2260	2	-2	-89	
208	2008	-111	2292	13	4	-75	
209	2092	-208	2260	1	-4	40	
210	2114	-125	2208	9	-4	135	
211	2073	-87	2226	-3	3	78	
212	2149	-312	2269	17	6	58	
213	2126	-251	2289	-4	6	-24	
214	2031	-177	2290	-7	-6	-25	
215	2067	-196	2209	9	4	-27	
216	2041	-39	2242	3	3	28	
217	2032	-121	2269	4	-4	85	
218	2049	-295	2289	11	-7	147	
219	2148	-198	2225	-3	0	89	
220	2188	-348	2317	4	-1	-30	
221	2074	-102	2219	-2	-12	-6	
222	2051	-222	2238	4	-7	12	
223	2121	-125	2213	11	-2	70	
224	2104	-157	2232	5	-8	136	
225	1992	-126	2235	-7	-5	162	
226	2112	-229	2270	4	-5	133	
227	2003	-218	2228	11	-2	198	
228	1996	-206	2275	1	6	175	
229	2187	-186	2283	2	2	45	
230	2248	-170	2300	14	7	-149	
231	2334	-137	2272	15	18	-241	
232	2206	-124	2229	10	0	-157	
233	2218	-168	2271	28	-2	-60	
234	2222	-174	2247	-9	-19	-95	
235	2207	-148	2252	8	-11	-9	
236	2191	-192	2291	2	-8	47	
237	2085	-191	2199	-6	-1	102	
238	2185	-235	2224	5	3	41	
239	2157	-51	2210	-5	2	36	
240	2389	-187	2276	13	-4	98	
241	2087	-93	2274	9	10	82	
242	2246	-206	2244	8	-5	89	
243	2176	-191	2229	-1	5	55	
244	2177	-14	2256	8	15	19	
245	2252	-294	2229	14	-11	39	
246	2190	26	2220	0	-7	107	
247	2132	-94	2220	6	7	146	
248	2020	-355	2191	7	-4	-15	
249	2237	-247	2171	4	6	-219	
250	1994	-151	2289	-14	6	-272	
251	1915	-21	2262	3	3	-110	
252	2070	-165	2206	0	14	150	
253	1907	-197	2352	3	8	290	
254	1927	-237	2137	3	-7	266	
255	1942	-210	2343	-4	-6	276	
256	1961	-130	2233	-5	1	195	
257	1966	-298	2247	-6	1	155	
258	1914	-313	2167	-1	1	96	
259	1894	196	2230	1	4	30	
260	2099	-370	2300	23	-4	32	
261	2025	-433	2267	27	-3	48	
262	2025	-17	2211	6	-4	56	
263	2014	-176	2265	23	6	-5	
264	1882	-107	2309	11	3	-26	
265	1944	-219	2342	18	3	12	
266	1879	-213	2291	3	10	30	
267	2257	-334	2252	6	-3	95	
268	2059	-70	2238	5	-1	59	
269	1912	-357	2273	5	-4	-16	
270	1967	-32	2270	-13	-12	95	
271	1893	-367	2268	13	0	137	
272	1842	-229	2268	0	-7	132	
273	1887	66	2235	4	-1	-1	
274	1935	-278	2325	2	0	-5	
275	1957	-84	2233	9	10	-41	
276	1927	-176	2247	1	-1	-81	
277	1943	-287	2270	13	-3	-95	
278	1926	-158	2237	8	-5	-111	
279	2058	-227	2266	-6	8	-77	
280	2009	-83	2237	-10	-4	-46	
281	1985	-239	2241	18	1	-32	
282	1970	-179	2246	2	-4	-13	
283	2000	-206	2256	1	-3	-29	
284	1922	-155	2261	4	5	-31	
285	1891	-245	2293	-1	8	105	
286	2001	-290	2246	0	3	-79	
287	2003	-213	2235	16	2	-107	
288	1985	-179	2250	2	-5	29	
289	1930	-26	2207	-3	-5	24	
290	1900	-392	2274	8	0	103	
291	1940	82	2233	4	-6	23	
292	1889	-174	2252	5	-6	-48	
293	1786	-111	2222	-2	1	56	
294	1948	-126	2251	2	1	91	
295	1935	-232	2247	-1	3	115	
296	1934	-206	2256	-1	-5	35	
297	1889	-141	2246	3	-2	20	
298	2043	-127	2236	4	-1	36	
299	2004	-189	2252	5	-4	3	
300	1983	-163	2252	4	-4	-33	
301	1900	-191	2246	3	-8	-31	
302	1863	-159	2244	0	-4	33	
303	1764	-158	2246	10	-4	171	
304	1848	-179	2234	7	2	196	
305	1824	-89	2233	0	-4	17	
306	1708	-126	2226	8	0	-48	
307	1750	-37	2237	10	-1	-97	
308	1677	-315	2189	9	-2	-196	
309	1872	-245	2288	-7	1	-134	
310	1764	-77	2260	-7	-8	-228	
311	1821	-167	2197	4	9	-123	
312	1857	-257	2342	19	6	-132	
313	2008	-240	2286	4	-12	-107	
314	1969	-136	2211	9	4	-39	
315	1851	-225	2140	-4	1	-22	
316	1771	-154	2242	14	0	-132	
317	1853	-88	2210	31	-6	-110	
318	1929	-182	2161	-4	2	46	
319	1975	-177	2192	9	1	-48	
320	1994	-245	2266	0	-2	-53	
321	1940	-190	2209	0	1	-27	
322	1912	-185	2299	7	-6	-2	
323	2023	59	2254	-17	11	54	
324	1987	-116	2337	-1	-4	113	
325	1925	-378	2293	16	4	68	
326	2057	-236	2240	6	-4	59	
327	2178	-260	2263	4	-3	-67	
328	2187	-41	2220	-5	-26	-62	
329	2108	-73	2289	11	15	-64	
330	2058	-364	2251	-3	-1	-157	
331	2033	-24	2186	8	1	-152	
332	2058	-276	2333	22	-1	-107	
333	2148	-116	2278	-6	-2	53	
334	2061	1	2130	11	8	-38	
335	2041	-326	2383	6	2	-36	
336	1979	-223	2282	12	-3	21	
337	2109	-166	2301	8	-10	171	
338	1954	-241	2239	3	-7	151	
339	2016	-155	2230	6	-12	120	
340	2147	-198	2220	13	6	-50	
341	1999	-288	2244	12	-3	-180	
342	2032	-190	2213	6	-7	-108	
343	2130	-186	2260	8	0	-94	
344	2033	-227	2288	17	1	19	
345	2058	-290	2297	7	-1	-7	
346	1918	-171	2330	12	-14	30	
347	2066	-209	2204	-8	-22	-6	
348	2196	-166	2273	-3	8	-134	
349	2032	-38	2262	-2	-8	-142	
350	2166	-196	2286	8	-6	-201	
351	2104	-162	2298	4	-1	-113	
352	2029	-177	2300	13	13	-59	
353	2104	-273	2254	13	-5	-26	
354	2068	-169	2306	17	0	129	
355	2017	-173	2254	5	-12	253	
356	2044	-186	2235	-1	-6	238	
357	2015	-208	2263	-2	-8	237	
358	2052	-164	2245	6	-11	175	
359	1988	-198	2239	4	2	88	
360	2125	-187	2247	12	-3	-64	
361	2181	-155	2254	-6	1	-208	
362	2082	-231	2267	9	2	-218	
363	2130	-197	2238	6	4	-157	
364	2178	-167	2243	4	4	-101	
365	2157	-213	2259	4	18	-132	
366	2221	-141	2240	4	-10	-113	
367	2199	-155	2253	3	2	-137	
368	2038	-173	2257	7	-1	-11	
369	2089	-178	2260	16	-9	11	
370	2274	-177	2271	2	7	4	
371	2313	-194	2247	-10	-14	28	
372	2134	-149	2267	5	-5	68	
373	2235	-218	2250	6	-2	75	
374	2235	-245	2232	-2	6	5	
375	2254	-133	2243	2	4	-74	
376	2255	-278	2278	6	3	-47	
377	2161	-147	2269	4	15	-86	
378	2147	-424	2203	11	20	-183	
379	2101	-142	2197	11	-1	-82	
380	2027	-417	2324	19	6	79	
381	2223	-378	2279	5	0	162	
382	2019	-97	2214	1	-2	188	
383	2105	-190	2238	3	-7	160	
384	2091	-134	2257	6	3	184	
385	2117	-34	2277	6	-3	121	
386	2053	-157	2234	12	0	184	
387	2031	219	2250	-1	9	142	
388	1896	27	2200	13	20	101	
389	2034	-91	2206	-5	3	171	
390	2128	-31	2198	-23	-5	131	
391	2098	-181	2256	10	10	67	
392	2230	-195	2215	21	11	51	
393	2012	122	2204	3	-8	32	
394	2047	-229	2251	0	-7	-45	
395	2097	-107	2313	-6	-13	93	
396	2056	-285	2273	16	5	-29	
397	2024	-325	2258	-5	-8	-86	
398	1856	-119	2304	13	3	-52	
399	1939	-222	2246	1	-15	131	
400	1734	-156	2265	11	8	158	
401	1788	-168	2233	15	7	154	
402	1953	-169	2296	14	-3	148	
403	1951	-343	2260	4	-3	212	
404	1938	-242	2287	-1	-7	233	
405	1907	-373	2278	17	4	156	
406	1900	-224	2237	4	4	147	
407	1894	-197	2274	5	-2	140	
408	1920	-273	2261	-2	-14	142	
409	1914	-242	2315	10	11	98	
410	1916	-310	2309	21	8	25	
411	1980	-232	2230	0	0	-8	
412	1874	-88	2206	6	10	-90	
413	1897	-166	2252	16	4	-175	
414	1964	-203	2253	9	1	-107	
415	1826	-164	2223	4	-4	-87	
416	1877	-216	2259	9	1	-32	
417	1995	-189	2236	8	-2	54	
418	1868	-238	2283	5	5	27	
419	1883	-110	2247	-2	-10	17	
420	1880	-206	2252	3	-4	-44	
421	1942	-164	2221	14	1	-156	
422	1929	-118	2258	4	5	-208	
423	1870	-181	2267	7	7	-201	
424	1890	-190	2242	6	-9	-107	
425	1983	-208	2244	3	-9	-45	
426	1928	-210	2245	5	-6	-17	
427	1926	-173	2218	3	-10	39	
428	2018	-176	2249	8	-3	-10	
429	2069	-158	2257	5	6	-79	
430	2083	-189	2207	3	-4	-229	
431	1976	-151	2255	6	-2	-210	
432	1918	-153	2243	8	6	-9	
433	1996	-193	2259	6	-1	44	
434	1885	-202	2249	4	-4	-6	
435	1873	-123	2246	-4	-12	19	
436	1856	-154	2251	-1	-9	283	
437	1874	-189	2244	-4	-7	318	
438	1816	-119	2262	5	-3	341	
439	1782	-165	2245	5	-3	227	
440	1837	-162	2245	4	4	79	
441	1810	-206	2237	2	-2	2	
442	1847	-153	2256	5	-3	-42	
443	1847	-170	2190	-2	-3	-155	
444	1878	-171	2273	6	-2	-249	
445	1757	-220	2296	5	0	-290	
446	1800	-173	2208	4	7	-317	
447	1855	-62	2196	-7	-8	-189	
448	1934	-133	2253	14	-4	-158	
449	1825	-250	2229	1	2	-179	
450	1886	-409	2242	8	5	-31	
451	1860	-162	2341	32	3	38	
452	2007	-221	2268	14	-7	-4	
453	1968	-143	2206	-4	3	-183	
454	1971	-334	2332	8	9	-226	
455	1996	-133	2173	-1	-11	-235	
456	1837	-72	2150	8	-7	-166	
457	2005	-138	2249	15	-5	-151	
458	1944	-386	2366	12	-5	-139	
459	1921	-142	2260	3	-8	-63	
460	2031	-139	2178	-11	-7	-51	
461	2024	19	2260	-7	-6	-167	
462	2147	-146	2236	18	-3	-319	
463	2041	-133	2265	4	-10	-65	
464	2115	-451	2285	8	8	49	
465	2073	-315	2229	18	6	-127	
466	1880	-146	2290	-6	-9	-24	
467	2065	-406	2220	16	-6	164	
468	2180	-145	2268	-5	-9	166	
469	2064	-319	2220	-2	-11	46	
470	2179	-152	2288	-12	-9	-82	
471	1927	-305	2210	5	2	-182	
472	2111	-3	2285	1	4	-163	
473	2091	-137	2324	15	11	-207	
474	2126	-304	2253	13	15	-209	
475	2129	21	2228	-14	-10	-135	
476	2266	-315	2304	15	16	-105	
477	2204	-182	2264	8	0	-81	
478	2143	-282	2273	6	-3	106	
479	2125	-305	2176	2	-17	326	
480	2101	-165	2244	-4	-7	412	
481	2181	-139	2254	-8	-7	301	
482	2205	-215	2228	-13	-13	160	
483	2136	-168	2246	-1	-6	92	
484	2110	-155	2242	4	1	25	
485	2160	-148	2223	-4	-3	-36	
486	2119	-186	2260	4	0	-151	
487	2090	-147	2254	7	3	-75	
488	2099	-148	2234	7	-3	22	
489	2120	-148	2248	6	-1	84	
490	2094	-164	2257	2	-4	75	
491	2025	-198	2225	5	3	101	
492	2074	-233	2217	6	-1	69	
493	2109	-209	2240	3	5	-23	
494	2043	-188	2273	5	-5	-37	
495	2089	-178	2247	6	7	47	
496	2098	-185	2224	-3	3	-22	
497	2245	-168	2280	-6	0	-257	
498	2095	-107	2249	10	-7	-307	
499	2140	-185	2247	34	-1	-284	
500	2053	-183	2283	30	-19	-369	
501	2162	-76	2222	-11	-6	-43	
502	2169	-186	2227	-7	-5	225	
503	2208	-217	2264	2	-3	280	
504	2228	-188	2207	-6	0	269	
505	2217	-172	2255	12	7	259	
506	2298	-146	2288	15	10	167	
507	2021	-302	2328	17	-9	31	
508	2193	-311	2309	8	-4	-44	
509	2235	-186	2190	22	17	-94	
510	2203	-194	2251	5	-4	-211	
511	2187	-183	2223	-4	-6	-149	
512	2008	-50	2207	8	3	129	
513	2081	-204	2182	2	8	189	
514	1968	-14	2259	11	11	126	
515	1971	-104	2177	-5	-32	225	
516	1918	-200	2186	-8	-3	241	
517	2056	-439	2265	5	8	289	
518	2207	-226	2305	-1	2	354	
519	2038	-219	2287	10	-1	267	
520	2033	80	2159	-3	8	161	
521	2017	-2	2280	10	3	187	
522	2039	-273	2259	14	-7	226	
523	1929	26	2165	-19	-11	195	
524	1910	-42	2284	21	18	195	
525	1911	-148	2255	-2	1	166	
526	1914	-35	2347	15	2	156	
527	1917	-197	2190	-5	-8	210	
528	1894	-208	2349	11	-1	172	
529	1833	-303	2142	3	6	177	
530	1831	31	2242	18	5	106	
531	2045	-299	2242	11	-11	125	
532	2078	-196	2255	-4	4	116	
533	2015	-7	2225	12	19	127	
534	2047	-136	2222	-7	-1	146	
535	2098	-364	2213	3	2	98	
536	2037	-126	2283	20	-11	12	
537	1854	-194	2191	-2	3	-215	
538	1900	-189	2229	9	12	-91	
539	1894	-238	2300	10	18	-43	
540	1934	-248	2229	5	-15	-199	
541	1816	-99	2250	2	-3	-141	
542	1772	-176	2230	15	1	-131	
543	1818	-211	2288	16	5	-115	
544	1913	-239	2240	11	2	-26	
545	1878	-246	2267	8	-9	-31	
546	1850	-136	2222	-3	1	19	
547	1932	-123	2228	5	-3	-30	
548	1887	-199	2186	3	-3	26	
549	1945	-208	2255	5	-6	45	
550	1928	-161	2249	8	-3	28	
551	1936	-180	2263	4	4	76	
552	1865	-235	2263	-1	-4	161	
553	1921	-189	2268	8	-6	145	
554	2000	-188	2231	6	2	98	
555	1925	-215	2268	9	-3	-21	
556	1918	-153	2253	10	3	-12	
557	2000	-184	2249	2	-1	68	
558	1913	-164	2261	1	1	93	
559	1935	-170	2269	1	0	88	
560	1926	-177	2241	8	-2	62	
561	1901	-72	2239	-3	-6	20	
562	1744	-155	2241	-5	-3	177	
563	1816	-205	2260	-5	-6	490	
564	1801	-142	2254	1	0	533	
565	1964	-199	2235	-4	-1	376	
566	1742	-218	2247	9	2	-41	
567	1566	-168	2231	4	-11	-202	
568	1527	-40	2203	0	-11	-267	
569	1688	-226	2279	17	15	-274	
570	1627	-38	2245	14	-22	-214	
571	1645	-110	2245	31	-7	-259	
572	1620	-117	2267	1	-4	-312	
573	1625	-169	2217	12	13	-303	
574	1787	14	2302	3	-15	-404	
575	1732	-229	2216	-1	12	-506	
576	1703	-314	2232	17	29	-466	
577	1817	-179	2196	-5	-15	-428	
578	1830	-168	2085	-15	-24	-481	
579	2176	-325	2329	-6	-30	-312	
580	2186	-47	2267	9	-1	-361	
581	2088	-187	2236	-5	-13	-432	
582	2146	-94	2279	-10	-21	-178	
583	2085	-290	2259	5	-17	-57	
584	2201	-268	2306	-4	-1	-65	
585	2109	140	2386	7	3	-180	
586	2244	-143	2275	6	-12	-147	
587	2218	-178	2308	15	15	-115	
588	2561	-291	2265	-5	39	-42	
589	2320	-140	2193	7	-7	-95	
590	2713	-177	2317	10	5	-323	
591	2546	-217	2221	14	5	-537	
592	2575	-60	2203	10	4	-232	
593	2542	-136	2202	6	-1	-151	
594	2573	-155	2239	9	-4	3	
595	2513	-89	2234	7	0	193	
596	2218	-90	2250	-2	3	314	
597	2398	-98	2238	5	-8	133	
598	2677	30	2250	0	-9	-13	
599	2611	-191	2214	-3	3	-131	
600	2840	-209	2331	7	14	-18	
601	2820	-259	2363	15	6	-91	
602	2566	-54	2188	19	0	44	
603	2663	-53	2367	16	10	53	
604	2358	366	2197	-2	17	162	
605	2399	-342	2324	6	19	246	
606	2125	34	2206	0	5	254	
607	2136	68	2193	0	19	187	
608	2280	-372	2205	-3	25	307	
609	2065	-133	2133	7	-6	193	
610	1856	177	2181	-7	-14	294	
611	2036	-61	2286	9	-2	533	
612	1892	-369	2239	-4	-9	363	
613	1666	62	2241	23	10	226	
614	1793	-152	2148	0	-13	214	
615	1767	-156	2230	5	17	288	
616	1661	-263	2310	17	20	276	
617	1636	-53	2210	19	7	109	
618	1675	-266	2154	9	2	-26	
619	1624	-197	2178	13	9	-154	
620	1627	-294	2236	13	-1	26	
621	1745	-445	2230	1	-6	150	
622	1636	-225	2179	7	5	160	
623	1716	78	2305	2	3	54	
624	1710	-203	2205	-2	-23	164	
625	1712	-145	2212	6	-2	283	
626	1732	-203	2245	2	-5	405	
627	1767	-211	2232	2	-12	567	
628	1821	-164	2236	-7	-8	382	
629	1728	-160	2276	-2	-5	173	
630	1732	-105	2243	7	-2	36	
631	1653	-225	2228	3	-3	-158	
632	1427	-216	2242	7	-5	45	
633	1328	-214	2254	2	-2	375	
634	1420	-264	2292	7	-7	567	
635	1568	-258	2212	-1	-12	277	
636	1476	-182	2275	6	-2	-243	
637	1553	-134	2298	25	4	-541	
638	1525	-123	2186	3	-16	-507	
639	1553	-78	2155	8	2	-429	
640	1643	-114	2268	-4	-4	-359	
641	1734	-226	2312	27	11	-362	
642	1754	-236	2193	3	-9	-390	
643	1969	216	2257	16	3	-661	
644	1902	43	2103	14	-2	-737	
645	1830	-56	2150	7	-3	-602	
646	2178	52	2241	26	5	-554	
647	1970	-69	2235	20	4	-523	
648	2224	-168	2245	11	25	-332	
649	2183	-232	2229	22	-2	-267	
650	2078	7	2260	6	-19	-256	
651	2392	97	2340	1	-12	-94	
652	2239	-49	2332	26	-1	-3	
653	2542	-111	2201	-16	5	-39	
654	2415	-151	2301	16	5	-366	
655	2533	-35	2189	11	-13	-507	
656	2394	-46	2177	1	-13	-371	
657	2490	-82	2269	8	-12	-270	
658	2468	-179	2190	1	-9	-117	
659	2361	-212	2255	4	-3	2	
660	2446	-113	2197	16	7	46	
661	2437	-173	2255	0	-3	190	
662	2613	-175	2256	2	-1	-18	
663	2223	-50	2236	6	-7	33	
664	2713	49	2231	4	0	94	
665	2713	54	2315	11	2	-109	
666	2792	-94	2288	3	1	-336	
667	2655	-198	2256	7	9	-270	
668	2513	-360	2354	5	13	-308	
669	2540	-472	2314	12	20	-3	
670	2583	-157	2271	20	6	111	
671	2314	-114	2207	-3	-14	284	
672	2393	180	2208	-21	-14	746	
673	2243	-123	2177	-27	-24	958	
674	2347	-254	2324	10	9	861	
675	2085	-166	2300	5	0	638	
676	2218	-73	2333	-3	-7	388	
677	2170	-39	2267	-8	-15	56	
678	2091	-77	2302	5	3	-45	
679	1710	-28	2185	-20	-4	119	
680	1848	-463	2335	-6	4	231	
681	1672	-218	2336	-1	0	176	
682	1483	-121	2193	21	11	316	
683	1589	-241	2242	11	19	461	
684	1641	-82	2148	5	-2	477	
685	1541	-102	2175	-10	-2	438	
686	1488	-275	2222	-5	4	155	
687	1559	-139	2205	-3	-7	36	
688	1589	-241	2247	-5	-4	70	
689	1636	-181	2267	7	2	81	
690	1686	-4	2205	8	-3	-22	
691	1509	-227	2261	14	-4	15	
692	1602	-177	2227	3	-3	16	
693	1416	-264	2244	1	4	110	
694	1928	-176	2273	4	-8	26	
695	1521	-211	2242	3	-11	215	
696	1422	-262	2267	2	-5	367	
697	1409	-215	2257	1	4	517	
698	1623	-193	2243	3	-11	548	
699	1673	-85	2198	-2	4	36	
700	1535	-108	2244	14	-4	-445	
701	1358	-255	2252	2	-5	-497	
702	1478	-360	2296	42	2	-402	
703	1599	-103	2345	19	6	-461	
704	1618	-332	2291	10	-3	-593	
705	1738	-214	2201	-2	14	-519	
706	1732	-63	2329	18	9	-607	
707	1717	-190	2311	21	-6	-536	
708	2125	-80	2411	14	13	-511	
709	1996	-158	2227	-13	-6	-547	
710	2221	-100	2323	20	-27	-241	
711	2118	-207	2222	2	-26	-107	
712	2179	-258	2345	-4	-29	-196	
713	2233	-97	2208	-2	15	-152	
714	2327	-172	2288	11	-16	-220	
715	2367	-105	2316	11	0	-288	
716	2384	-174	2247	15	12	-450	
717	2400	-110	2292	-5	0	-515	
718	2293	36	2294	7	7	-546	
719	2089	-207	2276	20	-8	-84	
720	2497	20	2192	-20	2	-37	
721	2548	-228	2273	4	2	-299	
722	2596	49	2218	16	4	-514	
723	2451	65	2182	-1	11	-651	
724	2545	56	2248	24	12	-467	
725	2482	-158	2239	14	1	-160	
726	2616	1	2268	5	2	216	
727	2614	-42	2262	9	2	123	
728	2718	-99	2265	0	-4	117	
729	2696	27	2213	4	1	287	
730	2407	75	2216	0	-7	483	
731	2365	-323	2463	1	-1	486	
732	2520	-432	2327	2	-7	580	
733	2365	54	2251	-3	-20	721	
734	2281	-127	2216	7	-20	601	
735	2421	-139	2245	-5	3	534	
736	2300	-86	2271	-8	14	427	
737	2193	3	2222	-2	8	412	
738	2141	-397	2286	15	16	188	
739	1993	56	2218	0	-14	146	
740	1989	-132	2279	2	14	195	
741	1950	-242	2276	-10	8	232	
742	2032	-56	2239	10	21	188	
743	2074	-68	2336	-8	-15	337	
744	1668	-133	2220	-14	-22	382	
745	1564	91	2229	2	-4	347	
746	1657	-28	2191	5	3	305	
747	1516	-46	2129	21	17	351	
748	1777	-268	2287	10	-7	291	
749	1400	-211	2251	1	3	296	
750	1507	-319	2290	14	1	490	
751	1629	-281	2247	1	5	509	
752	1637	-157	2295	3	3	509	
753	1584	-210	2267	0	-9	444	
754	1564	-172	2241	3	1	241	
755	1606	-183	2254	3	-2	125	
756	1674	-130	2218	0	3	1	
757	1636	-152	2218	9	0	-86	
758	1817	-80	2237	0	-8	-219	
759	1567	-182	2224	5	-3	-62	
760	1411	-195	2276	2	-6	66	
761	1378	-162	2238	-1	-5	507	
762	1686	-49	2264	-4	-17	574	
763	1537	-234	2252	-8	-14	159	
764	1736	-323	2388	11	-6	-278	
765	1272	-98	2282	27	6	-496	
766	1611	49	2184	13	0	-540	
767	1503	-169	2236	10	12	-554	
768	1571	-116	2134	20	7	-606	
769	1767	-237	2096	-2	6	-492	
770	1924	-61	2272	4	14	-526	
771	1786	-141	2152	-4	-10	-449	
772	1976	-308	2257	19	-11	-511	
773	1977	-505	2233	0	11	-653	
774	2084	-83	2235	19	17	-454	
775	2094	-82	2193	-2	3	-616	
776	2248	-136	2230	4	4	-534	
777	2202	-391	2170	21	4	-387	
778	2172	-224	2314	15	-3	-13	
779	2470	-54	2207	-12	-32	35	
780	2524	-188	2290	-6	15	-156	
781	2702	80	2218	-22	-4	-451	
782	2436	-154	2235	9	-15	-628	
783	2497	-115	2239	15	3	-329	
784	2544	-132	2281	7	4	-301	
785	2706	-163	2218	-6	-5	-279	
786	2649	-48	2246	20	0	-368	
787	2597	-59	2266	0	3	-328	
788	2259	5	2248	6	4	138	
789	2467	-175	2234	11	1	688	
790	2817	-133	2232	7	-6	284	
791	2676	-164	2215	-14	0	310	
792	2623	-5	2172	-14	-9	319	
793	2513	112	2110	-11	3	416	
794	2599	-135	2273	3	-9	426	
795	2457	-252	2281	7	14	276	
796	2480	-74	2264	2	-4	221	
797	2485	-334	2249	0	-18	141	
798	2570	-309	2141	10	-16	72	
799	2273	61	2240	-18	0	67	
800	2174	-76	2168	-6	27	174	
801	2229	-70	2184	-6	-16	337	
802	1921	83	2270	-23	9	529	
803	1919	-423	2245	0	-7	807	
804	1647	93	2225	-9	-21	804	
805	1765	-180	2253	-6	-10	789	
806	1763	-102	2056	33	-15	598	
807	1594	-317	2289	16	-29	290	
808	1815	-114	2159	17	-15	67	
809	1434	-222	2221	21	-2	21	
810	1645	-240	2195	13	-5	-16	
811	1454	162	2184	12	8	-12	
812	1671	-296	2219	16	1	-37	
813	1458	2	2223	4	-2	-46	
814	1418	-236	2227	19	-5	-19	
815	1322	-209	2260	-10	1	160	
816	1589	-20	2193	-15	-7	334	
817	1666	-218	2242	14	5	466	
818	1857	-213	2263	7	-6	177	
819	1465	-130	2251	3	-6	135	
820	1436	-242	2246	4	-4	114	
821	1351	-114	2196	7	-42	-110	
822	1118	-264	2250	13	-19	-324	
823	1186	-422	2216	20	-31	-456	
824	1171	-27	2289	3	3	-601	
825	1183	-69	2200	15	9	-393	
826	1218	26	2271	4	2	-332	
827	1289	-63	2164	21	16	-236	
828	1575	-12	2156	-12	-12	-316	
829	1691	-141	2200	7	-24	-501	
830	1958	58	2185	-3	-22	-561	
831	1986	-376	2230	13	-19	-602	
832	2234	-126	2180	10	1	-476	
833	2397	-295	2154	-4	-15	-853	
834	2523	-376	2285	28	-25	-1327	
835	2280	-117	2270	11	15	-1019	
836	2920	-375	2290	26	19	-586	
837	3571	-126	2305	26	-1	-205	
838	3310	25	2215	9	-15	-308	
839	3426	361	2304	12	-7	4	
840	2972	416	2252	2	3	539	
841	3033	250	2275	27	16	1515	
842	3661	331	2217	4	-12	386	
843	3263	327	2247	-45	-5	-1	
844	2991	-122	2219	-23	-6	-153	
845	3161	340	2276	-1	-2	-70	
846	3054	-1	2156	-9	6	-246	
847	2684	336	2285	9	-21	-38	
848	2280	355	2253	-3	-3	185	
849	2025	-641	2244	6	1	655	
850	1695	-144	2259	-32	-19	921	
851	1856	-230	2213	-12	-7	1318	
852	1592	-115	2135	-8	5	1172	
853	1438	-193	2229	0	-5	868	
854	1191	-169	2190	11	11	541	
855	968	-232	2297	-7	-22	467	
856	1211	-167	2251	-6	-22	352	
857	1273	63	2160	3	0	223	
858	791	-114	2225	4	-12	409	
859	919	-170	2205	4	-11	420	
860	1010	-156	2212	5	-2	144	
861	1042	-33	2259	9	-4	-299	
862	833	-195	2175	5	-11	131	
863	998	-112	2217	-6	0	415	
864	833	-336	2312	11	13	647	
865	1046	76	2147	-3	-3	558	
866	1123	33	2150	-12	-24	-27	
867	1369	-101	2264	5	-8	-457	
868	1310	-156	2293	23	23	-625	
869	1538	90	2200	19	-15	-445	
870	1992	-375	2217	-5	-2	-861	
871	1849	91	2268	14	-12	-1095	
872	1912	-60	2100	5	-6	-1060	
873	2255	192	2269	18	8	-1210	
874	2121	-313	2263	-5	-1	-696	
875	2714	-65	2275	-1	-41	-199	
876	2963	-409	2353	11	10	-199	
877	2803	-244	2159	18	10	-876	
878	2376	-123	2292	45	-2	-519	
879	2890	-101	2275	16	14	-356	
880	2702	12	2250	5	-10	-246	
881	2758	66	2267	13	-3	216	
882	3197	146	2250	9	2	14	
883	3041	314	2239	0	9	-642	
884	2897	28	2274	5	5	-60	
885	3369	76	2296	7	2	-275	
886	3861	99	2260	10	20	-1127	
887	3138	127	2244	11	31	-886	
888	2888	179	2198	5	-3	25	
889	2629	-183	2334	9	14	719	
890	2683	-277	2151	4	-14	1039	
891	2622	199	2210	-27	-24	1037	
892	2143	-199	2410	-12	-8	1462	
893	2192	-364	2271	18	-36	1409	
894	1821	-164	2215	-25	-16	849	
895	1776	-2	2238	9	15	290	
896	1456	-184	2234	-17	33	629	
897	1196	-94	2242	24	3	902	
898	1410	-202	2272	-6	-16	688	
899	1344	-71	2280	-8	-4	615	
900	1151	-187	2239	-3	-12	721	
901	1388	-93	2229	1	-10	640	
902	1211	-233	2280	21	19	228	
903	1434	-135	2265	-8	-1	-20	
904	1404	-133	2241	3	-3	-21	
905	1417	-210	2230	5	10	-111	
906	1595	-164	2258	20	10	-574	
907	1378	-137	2234	12	3	-536	
908	1149	-88	2228	8	9	-220	
909	1070	-142	2262	3	-2	385	
910	1124	-185	2221	-4	-7	592	
911	1284	-85	2236	8	-6	221	
912	1298	-169	2246	2	-10	-634	
913	1135	-272	2249	12	13	-884	
914	1157	-155	2256	4	15	-612	
915	1515	-152	2232	32	-10	-664	
916	1900	-77	2266	7	5	-746	
917	2016	-102	2152	20	-15	-649	
918	1921	-212	2334	15	-4	-472	
919	1865	-257	2202	1	20	-265	
920	2328	-124	2215	11	8	-246	
921	2105	-370	2338	7	-13	-199	
922	2354	102	2176	-6	-4	-377	
923	2366	-316	2325	15	-17	-513	
924	2381	137	2226	-14	6	-378	
925	2387	-282	2298	28	31	-335	
926	2775	107	2174	-1	-21	-248	
927	2883	-95	2191	14	-6	-1100	
928	2789	39	2367	17	-13	-981	
929	2944	3	2278	36	2	-245	
930	3450	154	2258	6	13	-436	
931	2761	88	2217	5	0	-167	
932	3486	60	2272	4	0	-125	
933	3345	168	2237	-1	7	-285	
934	2903	91	2244	-3	24	-165	
935	2794	-49	2342	14	26	452	
936	2878	-132	2263	1	-10	718	
937	2690	-228	2248	-27	-22	863	
938	2452	29	2273	4	8	819	
939	2308	-276	2239	-9	22	610	
940	2138	-6	2167	-1	9	792	
941	2151	-4	2198	-3	-6	283	
942	2033	-91	2307	9	5	52	
943	1678	167	2177	5	19	230	
944	1675	-158	2213	-6	28	625	
945	1395	-41	2259	-18	-13	470	
946	1336	-271	2152	-5	15	557	
947	1241	-359	2185	-13	-6	820	
948	1351	-306	2290	5	6	750	
949	1097	-178	2224	7	12	429	
950	1191	-273	2267	5	3	274	
951	1298	-199	2226	6	-5	163	
952	1475	-70	2223	4	-7	-111	
953	1507	-194	2260	16	4	-381	
954	1453	-162	2246	14	6	-519	
955	1623	-258	2219	0	-6	13	
956	1452	-138	2237	3	-7	-192	
957	1373	-291	2253	6	1	128	
958	1371	-224	2254	-4	-3	248	
959	1267	-191	2204	-11	-5	27	
960	1247	-158	2220	8	-24	33	
961	1331	-140	2251	0	2	-111	
962	1191	-188	2214	11	-1	-238	
963	1322	12	2192	-17	-9	-155	
964	1459	-148	2251	19	-8	-51	
965	1602	14	2272	-5	13	-57	
966	1652	-58	2243	14	-23	-164	
967	1921	-405	2292	-3	-14	-110	
968	2028	-190	2282	-6	-7	-332	
969	2256	-263	2333	12	0	-537	
970	2472	-33	2144	7	11	-812	
971	2490	-310	2376	42	-28	-935	
972	2468	-330	2174	7	-4	-822	
973	2588	-180	2275	8	4	-465	
974	2629	-88	2341	9	7	-334	
975	2800	-111	2219	4	1	-329	
976	2894	-115	2264	0	6	-118	
977	2804	-58	2283	15	2	-159	
978	2859	179	2235	5	2	-182	
979	2907	36	2243	5	5	-132	
980	2791	-26	2253	10	12	104	
981	2857	-38	2252	5	-17	-497	
982	2768	121	2261	-4	2	-488	
983	2528	-170	2370	4	3	148	
984	2550	-272	2346	3	-14	453	
985	2486	-160	2287	8	-2	410	
986	2641	-275	2386	-4	3	282	
987	2422	-8	2243	-8	6	193	
988	2480	-81	2294	7	-32	173	
989	2376	58	2230	-7	0	282	
990	2290	-164	2190	-10	2	439	
991	2061	-218	2257	20	37	621	
992	2104	-318	2215	-5	-1	687	
993	2032	-238	2301	-14	-11	642	
994	1937	-424	2123	9	-5	431	
995	1412	-297	2269	10	-13	436	
996	1374	-288	2287	-3	11	387	
997	1074	-250	2275	-9	8	553	
998	1300	-155	2207	9	0	263	
999	1432	-97	2258	10	2	2	
1000	1688	-81	2210	10	0	-263	
