0
-1.723
4.213
8.632
10
-1.55
4.069
8.809
20
-1.387
3.82
8.867
30
-1.196
3.241
8.613
40
-1.426
2.939
8.695
49
-1.545
2.905
8.9
60
-1.612
2.412
9.432
70
-1.502
1.383
9.643
79
-1.143
2.503
9.307
90
-1.234
3.083
9.044
100
-1.612
3.284
8.814
110
-1.694
3.217
9.025
120
-1.584
3.188
9.288
130
-1.435
3.202
9.255
140
-1.363
3.178
9.068
150
-1.239
3.15
8.972
160
-1.196
3.226
8.972
170
-1.378
3.513
9.02
180
-1.498
3.59
9.03
190
-1.474
3.576
8.953
200
-1.038
3.078
9.087
211
-0.99
2.972
9.236
221
-1.009
3.073
9.255
231
-0.985
3.221
9.149
241
-0.985
3.403
8.838
251
-1.182
3.432
8.982
261
-1.421
3.48
9.082
271
-1.292
3.47
9.125
281
-1.196
3.47
8.977
291
-1.253
3.523
8.857
301
-1.411
3.561
8.972
312
-1.612
3.581
9.068
322
-1.656
3.499
9.068
332
-1.727
3.48
9.02
342
-1.78
3.413
9.03
352
-1.727
3.346
9.092
363
-1.713
3.351
9.14
373
-1.632
3.284
9.274
383
-1.512
3.092
9.389
394
-1.636
3.169
9.351
403
-1.814
3.36
9.216
413
-1.857
3.528
9.006
423
-1.713
3.561
9.054
433
-1.617
3.494
9.188
444
-1.665
3.542
9.073
454
-1.9
3.48
9.173
464
-1.881
3.408
8.886
474
-1.79
3.332
8.805
484
-1.689
3.217
8.944
494
-1.723
3.197
8.704
504
-1.737
3.375
8.551
514
-1.766
3.485
8.584
524
-1.584
3.427
8.647
534
-1.138
3.288
8.805
544
-0.784
3.121
8.747
555
-1.052
3.322
8.13
564
-1.052
3.604
8.551
574
-1.215
3.648
8.431
583
-1.56
3.695
8.781
594
-1.627
3.355
8.733
604
-1.608
3.274
8.762
614
-1.636
3.217
8.972
624
-1.512
3.284
8.996
634
-1.057
3.015
9.451
644
-1.263
3.049
9.121
654
-1.656
3.418
8.714
664
-1.474
3.825
8.896
675
-1.67
3.719
8.776
684
-1.986
3.537
8.642
694
-2.125
3.657
8.991
704
-2.201
3.695
8.704
715
-2.01
3.49
8.675
725
-1.871
3.437
8.68
735
-1.852
3.648
8.431
745
-1.809
3.475
8.493
755
-1.972
3.226
8.484
765
-2.221
3.178
8.436
776
-2.12
2.771
8.57
786
-2.369
2.608
8.326
796
-2.857
2.824
8.091
806
-3.116
3.068
8.288
816
-2.963
2.982
8.398
827
-2.714
2.977
8.575
837
-2.599
2.814
8.991
847
-3.193
2.8
8.953
857
-3.327
3.207
8.8
867
-3.662
3.207
8.56
877
-4.141
3.087
8
886
-3.959
3.121
8.177
896
-4.217
2.704
8.211
906
-4.423
2.369
8.345
916
-4.15
2.369
8.469
927
-4.237
2.398
8.374
936
-4.366
2.359
8.134
947
-4.308
2.254
7.56
957
-4.107
2.489
8.268
967
-4.083
2.292
8.187
977
-4.246
2.436
7.885
987
-4.735
2.599
7.876
997
-4.873
2.388
7.861
1007
-4.72
2.307
7.952
1017
-4.797
2.01
8.163
1027
-5.022
1.919
8.091
1037
-5.338
1.943
7.938
1047
-5.553
1.809
7.948
1057
-5.165
1.541
7.919
1067
-4.873
1.555
7.928
1077
-4.725
1.536
8.053
1087
-4.749
1.871
7.981
1098
-4.902
1.962
7.89
1108
-5.084
1.972
7.761
1118
-5.189
1.948
7.775
1128
-5.223
1.646
7.885
1138
-5.276
1.541
7.885
1148
-5.319
1.464
7.861
1158
-5.228
1.306
7.981
1168
-5.237
1.21
7.981
1178
-5.304
1.21
7.847
1188
-5.223
1.368
7.981
1198
-5.094
1.593
7.857
1209
-5.151
1.584
7.708
1219
-5.156
1.488
7.684
1229
-5.017
1.335
7.971
1239
-4.916
1.277
7.962
1249
-4.998
1.292
7.761
1259
-5.17
1.383
7.66
1269
-5.3
1.335
7.751
1279
-5.357
1.268
7.684
1289
-5.347
1.277
7.79
1299
-5.319
1.287
7.818
1309
-5.434
1.296
7.818
1319
-5.271
1.368
7.861
1330
-5.094
1.354
7.924
1340
-5.185
1.34
8.134
1351
-5.29
1.498
8.015
1361
-5.343
1.593
7.871
1371
-5.247
1.593
7.933
1381
-4.969
1.383
8.015
1391
-5.003
1.392
7.995
1401
-5.108
1.33
8.173
1411
-5.199
1.354
7.976
1421
-5.247
1.483
7.871
1431
-5.218
1.517
7.904
1442
-5.156
1.411
7.861
1452
-4.964
1.431
8.067
1462
-4.869
1.464
8.082
1472
-4.907
1.517
8.082
1482
-5.18
1.407
8.019
1491
-5.352
1.464
8.005
1502
-5.501
1.545
8.053
1512
-5.611
1.459
8.034
1522
-5.3
1.306
7.971
1532
-5.108
1.292
8.039
1542
-4.907
1.153
7.895
1552
-4.94
1.076
8.192
1562
-5.055
1.268
8.158
1572
-5.146
1.469
7.948
1583
-5.094
1.498
7.871
1592
-4.988
1.66
8.077
1603
-4.768
1.689
8.086
1612
-4.663
1.608
8.163
1623
-4.797
1.766
8.019
1633
-4.878
1.909
7.904
1643
-4.926
1.919
7.9
1653
-4.931
1.794
7.919
1663
-4.648
1.737
8.048
1673
-4.577
1.9
8.106
1683
-4.466
1.962
8.134
1693
-4.49
2.058
8.11
1703
-4.591
2.067
8.039
1713
-4.471
2.02
8.067
1724
-4.17
2.005
8.134
1734
-4.433
1.962
8.34
1744
-4.658
2.134
8.115
1754
-4.605
2.144
8.029
1764
-4.6
1.794
8.106
1774
-4.557
2.053
7.938
1784
-4.371
2.11
7.957
1794
-4.366
1.866
8.311
1804
-4.562
1.967
8.393
1814
-4.505
2.235
8.503
1824
-4.466
2.345
8.733
1835
-4.38
2.522
8.671
1844
-4.366
2.637
8.484
1854
-4.49
2.278
8.168
1864
-4.873
2.441
8.379
1875
-4.768
2.628
8.01
1885
-4.6
2.585
7.866
1895
-4.418
2.58
7.66
1905
-4.62
2.379
7.45
1914
-4.773
2.288
7.387
1925
-4.873
2.273
7.914
1935
-4.802
2.479
7.919
1945
-3.657
2.446
8.177
1954
-3.48
2.551
8.158
1964
-3.743
2.738
7.847
1974
-4.237
2.814
7.555
1984
-4.486
2.728
7.387
1994
-4.677
2.594
7.349
2005
-4.926
2.015
7.497
2014
-4.677
2.245
7.387
2025
-4.447
1.981
7.464
2035
-4.217
1.905
7.665
2045
-3.988
1.933
7.622
2055
-4.758
2.57
7.277
2065
-5.161
2.901
7.186
2075
-5.683
3.011
7.119
2085
-6.573
3.322
6.717
2095
-6.482
3.944
6.205
2105
-6.094
4.395
5.85
2116
-5.721
4.423
5.903
2126
-7.363
2.685
4.155
2135
-6.248
2.46
3.485
2145
-7.66
3.183
8.163
2156
-5.539
1.684
3.25
2166
-4.873
2.455
3.423
2176
-10.552
2.795
7.248
2186
-14.163
1.651
8.532
2196
-10.897
2.048
5.027
2206
-10.615
1.703
3.633
2216
-9.7
0.889
2.934
2226
-10.203
-0.176
1.957
2236
-9.437
0.411
1.383
2246
-8.69
1.024
1.225
2256
-7.895
2.589
0.717
2266
-6.382
5.175
-0.612
2277
-6.037
6.003
-1.603
2287
-6.688
6.75
-1.598
2297
-4.629
7.469
0.559
2307
-6.047
7.086
-0.573
2317
-16.466
4.605
-5.994
2327
-12.228
4.849
2.254
2337
-13.162
4.428
-1.545
2347
-15.35
4.634
-4.395
2357
-14.172
5.831
-8.053
2367
-7.627
9.6
-1.756
2377
-3.561
7.804
-1.526
2387
-2.829
6.401
-8.187
2397
-2.034
5.611
-7.823
2408
0.066
10.442
-11.735
2418
0.87
11.726
-6.564
2428
-1.024
11.802
-2.369
2438
-3.81
11.022
-1.45
2448
-3.111
9.963
-1.565
2458
-2.01
8.656
-1.794
2468
-1.158
7.354
-1.205
2478
-0.722
5.606
-3.418
2488
-0.042
5.922
-5.252
2498
1.703
5.946
-4.806
2508
3.542
6.003
-0.669
2518
3.446
6.161
0.731
2574
2.685
5.975
-0.636
2575
2.273
4.227
-10.126
2576
2.925
1.751
-7.79
2577
2.743
1.354
-6.008
2578
0.818
1.852
-1.344
2580
-1.052
2.719
4.854
2589
-0.861
2.656
6.832
2599
-0.698
2.292
7.253
2609
-0.956
2.47
6.798
2619
-4.28
4.916
0.842
2629
-5.74
6.018
-3.403
2640
-6.703
7.703
-6.458
2649
-6.147
12.712
-3.528
2659
-1.684
15.35
-2.225
2670
6.185
21.149
-1.603
2679
6.784
23.788
-4.38
2690
6.741
24.171
-0.478
2700
7.593
23.232
4.251
2710
6.545
20.44
2.264
2720
1.732
10.37
-3.93
2730
1.632
8.517
-4.404
2740
0.195
8.714
-3.451
2750
0.166
8.345
-3.734
2760
1.454
7.813
0.731
2770
0.779
8.139
1.656
2781
0.358
9.102
-0.119
2790
1.387
11.357
-1.052
2800
2.427
12.137
-0.521
2811
3.188
12.549
-0.257
2821
3.547
12.449
-0.928
2831
6.621
11.012
-5.204
2841
6.511
8.752
-3.068
2851
3.284
5.218
-0.703
2864
-1.004
4.208
-0.87
2871
-1.368
4.213
1.277
2881
-0.487
4.495
-1.038
2891
-1.565
5.419
-1.732
2901
-3.255
7.55
-2.087
2911
-1.249
9.997
-1.78
2922
0.363
11.898
-2.23
2931
-1.306
12.717
-2.067
2942
-2.326
12.429
-1.512
2952
-3.801
13.176
-4.102
2962
-3.03
13.33
-1.852
2972
-1
11.754
-0.368
2992
-0.396
11.515
-0.492
2993
0.521
10.682
-0.166
3002
0.348
8.79
0.171
3012
0.095
6.468
0.133
3032
2.604
6.952
-0.545
3033
2.728
9.839
-0.976
3042
2.254
13.119
-1.78
3052
0.095
13.421
-3.193
3062
-0.775
12.329
-4.442
3073
0.037
7.622
-4.442
3083
1.991
6.851
-2.551
3093
1.684
8.757
2.446
3103
1.541
8.508
0.468
3113
1.105
9.691
2.671
3123
0.636
10.562
1.33
3133
-0.075
10.457
0.142
3148
-0.353
10.95
-0.707
3153
1.11
11.386
-1.861
3163
0.387
9.724
-2.297
3173
-0.018
9.533
-1.809
3184
-0.219
9.489
-0.612
3194
-0.19
9.346
-0.296
3205
-0.171
9.202
-0.516
3214
0.066
9.432
-0.511
3224
0.123
9.863
-1.196
3234
0.037
9.853
-1.071
3244
-0.104
9.801
-1.153
3254
0.219
9.691
-1.162
3264
0.277
9.686
-1.119
3274
0.324
9.59
-1.1
3284
0.296
9.494
-1.148
3294
0.305
9.432
-1.11
3304
0.31
9.437
-1.028
3315
0.329
9.518
-0.952
3325
0.353
9.604
-0.947
3335
0.277
9.6
-1.014
3345
0.238
9.585
-1.062
3355
0.195
9.6
-1.067
3365
0.176
9.714
-0.88
3375
0.166
9.758
-0.789
3385
0.162
9.786
-0.707
3396
0.209
9.815
-0.736
3405
0.229
9.767
-0.755
3415
0.248
9.714
-0.789
3426
0.281
9.676
-0.827
3436
0.382
9.676
-0.846
3446
0.396
9.7
-0.842
3456
0.42
9.743
-0.846
3466
0.415
9.758
-0.875
3476
0.42
9.748
-0.851
3486
0.435
9.734
-0.813
3496
0.377
9.638
-0.913
3506
0.229
9.561
-1.076
3516
0.2
9.494
-1.115
3527
0.19
9.451
-1.052
3537
0.128
9.403
-1.124
3547
0.123
9.365
-1.134
3557
0.176
9.355
-1.162
3567
0.224
9.303
-1.105
3577
0.348
9.24
-1.205
3587
0.549
9.193
-1.162
3597
0.66
9.106
-1.177
3608
0.813
8.967
-1.196
3618
0.856
8.958
-1.186
3628
0.889
8.896
-1.234
3638
0.956
8.924
-1.234
3648
1.239
8.896
-1.158
3658
1.373
8.924
-1.071
3668
1.55
8.963
-0.885
3678
1.751
9.279
-0.693
3688
1.78
9.48
-0.727
3698
1.775
9.777
-0.746
3708
1.656
10.141
-0.827
3718
1.268
10.696
-1.105
3728
1.095
10.878
-1.143
3739
0.894
10.912
-1.167
3748
0.751
10.706
-1.043
3759
0.818
10.557
-1.057
3768
0.913
10.399
-1.052
3779
1.004
10.203
-0.971
3789
1.229
9.916
-0.837
3799
1.258
9.724
-0.794
3810
1.244
9.489
-0.789
3819
1.205
9.106
-0.899
3830
1.244
9.006
-0.947
3840
1.301
8.924
-0.889
3850
1.421
8.79
-0.837
3860
1.526
8.963
-0.765
3870
1.541
9.121
-0.727
3880
1.608
9.173
-0.751
3890
1.852
9.116
-0.822
3900
2.077
9.049
-0.851
3910
2.23
9.001
-0.913
3920
2.369
8.982
-0.923
3930
2.671
9.001
-1.009
3941
2.743
9.121
-1.019
3951
2.8
9.216
-0.971
3961
2.57
9.47
-0.985
3971
2.336
9.437
-1.091
3981
2.082
9.418
-1.229
3990
1.871
9.298
-1.282
4001
1.464
8.929
-1.32
4011
1.354
8.695
-1.287
4021
1.234
8.455
-1.225
4031
1.091
8.168
-0.99
4041
1.086
8.13
-0.789
4051
1.095
8.192
-0.669
4061
1
8.326
-0.621
4071
0.674
8.766
-0.832
4081
0.449
9.039
-0.894
4091
0.291
9.207
-0.961
4101
0.296
9.116
-0.99
4111
0.53
9.973
-0.789
4121
0.602
10.174
-0.789
4131
0.511
10.232
-0.736
4141
0.387
10.533
-0.851
4152
0.339
10.6
-0.913
4162
0.377
10.715
-0.971
4172
0.363
10.768
-1.076
4182
0.358
10.734
-1
4192
0.396
10.619
-0.971
4202
0.411
10.471
-0.803
4212
0.712
10.093
-0.243
4222
0.899
9.959
0.032
4232
1.153
9.82
0.205
4242
1.325
9.753
0.286
4252
2.029
9.829
-0.2
4263
2.652
10.275
-0.808
4273
3.226
10.969
-1.589
4283
2.757
11.697
-2.264
4293
2.608
11.888
-2.747
4303
2.771
11.917
-3.102
4313
3.106
11.726
-3.408
4323
4.074
11.161
-3.83
4334
4.356
11.175
-3.853
4344
4.347
11.199
-3.758
4354
3.887
10.576
-3.255
4364
3.408
9.782
-3.059
4374
2.905
8.896
-2.872
4384
2.379
8.216
-2.518
4394
1.771
7.306
-2.154
4404
1.665
7.033
-2.23
4414
1.569
6.861
-2.283
4425
1.354
6.894
-2.532
4437
1.172
7.033
-2.853
4445
0.846
7.205
-3.063
4455
0.344
7.263
-3.26
4465
-0.42
7.459
-3.734
4475
-0.612
7.641
-3.954
4485
-0.645
7.89
-4.165
4495
-0.334
8.556
-4.404
4505
0.042
8.9
-4.351
4515
0.358
9.269
-4.093
4526
0.674
9.604
-3.873
4535
1.229
10.136
-3.523
4546
1.392
10.184
-3.518
4555
1.584
10.121
-3.604
4566
1.617
9.92
-3.633
4576
1.411
9.777
-3.475
4586
1.34
9.791
-3.413
4596
1.115
9.686
-3.312
4606
0.736
9.509
-3.083
4616
0.573
9.36
-2.905
4626
0.516
9.202
-2.699
4636
0.588
8.718
-2.288
4646
0.645
8.508
-2.072
4656
0.693
8.374
-1.881
4667
0.707
8.359
-1.823
4676
0.516
8.594
-1.823
4687
0.368
8.752
-1.991
4697
0.339
8.953
-2.053
4707
0.291
9.149
-2.206
4717
0.233
9.154
-2.139
4727
0.2
9.269
-2.058
4737
0.186
9.13
-2.13
4747
0.209
9.188
-1.742
4757
0.2
9.216
-1.665
4767
0.195
9.226
-1.55
4777
0.157
9.121
-1.373
4787
0.152
9.106
-1.311
4797
0.123
9.049
-1.244
4808
0.166
8.972
-1.239
4818
0.315
8.853
-1.21
4828
0.458
8.771
-1.158
4838
0.64
8.68
-1.124
4848
0.775
8.436
-0.727
4858
0.784
8.374
-0.798
4868
0.707
8.441
-0.827
4878
0.554
8.431
-0.779
4888
0.329
8.489
-0.794
4898
0.329
8.441
-0.846
4909
0.277
8.46
-1
4919
0.296
8.79
-1.435
4929
0.281
8.853
-1.703
4939
0.31
9.011
-2.067
4949
0.396
9.317
-2.24
4959
0.842
9.82
-1.847
4969
1.038
9.987
-1.469
4979
0.875
10.078
-1.34
4989
0.099
10.131
-1.435
4999
-0.296
10.232
-1.335
5009
-0.679
10.27
-1.196
5019
-1.34
10.28
-1.344
5029
-1.771
11.204
-3.815
5039
-0.856
12.133
-3.327
5049
-0.866
13.028
-2.551
5059
-1.498
14.24
-3.317
5070
-1.162
14.158
-3.025
5079
-1.387
13.89
-2.661
5089
-1.972
13.531
-3.351
5099
-1.598
12.731
-4.605
5109
-1.191
12.133
-4.462
5119
-0.784
11.381
-4.17
5130
0.133
9.772
-3.93
5140
0.152
8.996
-3.801
5150
0.109
8.288
-3.667
5160
0.032
7.531
-3.389
5170
0.099
6.679
-2.79
5180
0.176
6.415
-2.623
5190
0.257
6.19
-2.747
5200
0.31
5.951
-2.996
5210
0.569
5.97
-3.868
5220
0.856
6.061
-4.155
5231
1.205
6.41
-4.332
5241
1.775
7.282
-4.347
5251
1.833
7.861
-4.375
5261
1.828
8.58
-4.332
5271
1.699
9.284
-4.304
5281
1.474
10.385
-4.117
5290
1.239
10.725
-4.069
5301
0.947
10.926
-3.906
5311
0.482
10.73
-3.863
5321
0.257
10.495
-3.983
5331
0.114
10.337
-4.026
5342
-0.051
10.107
-4.031
5352
-0.526
9.825
-3.758
5362
-0.506
9.705
-3.782
5372
-0.506
9.351
-3.657
5382
-0.382
8.991
-3.37
5392
-0.186
8.838
-3.169
5402
0.181
8.623
-2.982
5413
0.344
8.369
-2.68
5423
0.655
8.072
-2.608
5433
0.808
7.995
-2.618
5442
0.889
7.881
-2.652
5453
0.976
7.761
-2.618
5463
1.019
7.78
-2.561
5473
1.21
7.9
-2.527
5483
1.392
8.019
-2.431
5493
1.703
8.379
-2.441
5503
1.838
8.508
-2.374
5513
1.881
8.637
-2.211
5523
1.565
8.915
-2.048
5534
1.411
8.9
-1.991
5543
1.344
8.829
-1.905
5554
1.32
8.781
-1.804
5563
1.038
8.618
-1.459
5574
0.909
8.498
-1.258
5583
0.813
8.388
-1.076
5594
0.712
8.311
-0.928
5604
0.813
8.374
-0.947
5614
0.866
8.407
-0.961
5624
0.875
8.455
-1.004
5634
0.851
8.628
-0.856
5644
0.808
8.685
-0.866
5654
0.803
8.709
-0.933
5664
0.808
8.733
-1.119
5674
0.851
8.92
-1.277
5685
0.889
9.058
-1.344
5695
0.918
9.422
-1.344
5704
0.885
10.098
-1.641
5715
0.636
10.394
-1.713
5725
0.209
10.61
-1.689
5735
-0.42
10.845
-1.33
5745
-0.411
10.854
-1.028
5755
-0.123
10.892
-0.693
5765
0.463
10.955
-0.602
5775
2.527
12.161
-2.211
5785
2.589
13.22
-2.307
5796
2.331
14.249
-2.249
5806
2.508
14.244
-3.159
5815
2.647
13.521
-3.513
5826
2.824
12.995
-3.581
5836
3.604
12.822
-3.753
5846
4.146
11.673
-3.274
5856
3.49
10.605
-3.083
5866
3.207
9.403
-3.226
5876
2.905
7.344
-2.551
5886
2.556
6.525
-2.192
5896
2.163
6.051
-2.02
5907
1.814
6.094
-1.986
5916
1.22
6.387
-2.446
5926
0.909
6.511
-2.848
5938
0.573
6.497
-3.169
5947
-0.238
6.64
-3.643
5957
-0.396
7.186
-4.045
5967
-0.3
7.684
-4.241
5977
0.056
8
-4.318
5987
0.971
8.422
-4.232
5997
1.426
8.58
-4.141
6007
1.823
8.738
-3.906
6017
2.12
9.025
-3.274
6027
2.091
9.207
-3.197
6037
1.924
9.331
-3.394
6047
1.766
9.384
-3.676
6057
1.493
9.499
-4.011
6067
1.363
9.609
-3.868
6077
1.277
9.609
-3.753
6087
1.407
9.537
-3.437
6097
1.459
9.533
-3.169
6108
1.627
9.556
-3.015
6118
1.723
9.48
-2.805
6128
1.383
9.509
-2.69
6138
1.34
9.149
-2.723
6148
1.273
8.853
-2.747
6158
1.11
8.642
-2.757
6168
0.88
8.446
-2.441
6178
0.751
8.436
-2.345
6188
0.578
8.484
-2.206
6199
0.396
8.604
-1.866
6208
0.358
8.671
-1.809
6219
0.238
8.752
-1.775
6229
0.19
8.814
-1.68
6239
0.257
9.03
-1.402
6249
0.396
9.14
-1.196
6259
0.655
9.169
-1.277
6269
0.885
9.001
-1.287
6279
0.947
8.896
-1.301
6289
0.961
8.671
-1.162
6299
0.956
8.465
-1.119
6310
0.956
8.244
-0.875
6320
0.894
8.297
-0.712
6330
0.775
8.302
-0.669
6340
0.631
8.335
-0.549
6350
0.439
8.484
-0.693
6360
0.329
8.685
-0.827
6370
0.224
8.91
-0.875
6380
0.123
9.47
-0.588
6390
0.291
9.662
-1.071
6400
0.291
9.571
-1.641
6410
0.085
10.198
-2.173
6421
0.3
10.337
-2.024
6431
0.822
10.394
-1.541
6441
1.244
10.423
-0.856
6451
1.009
10.667
-0.463
6461
0.554
10.72
-0.492
6471
0.243
10.691
-0.458
6481
-0.324
10.26
-0.133
6491
-1.612
10.021
-0.186
6501
-2.316
10.37
-2.383
6511
-0.918
10.864
-3.82
6521
-0.224
12.908
-2.498
6531
-0.133
13.627
-2.719
6541
0.219
13.78
-2.867
6551
-0.933
13.258
-3.221
6562
-2.182
12.865
-3.959
6572
-2.455
12.372
-4.897
6582
-1.9
11.836
-4.993
6591
-0.827
10.351
-4.131
6602
-0.669
9.365
-4.313
6612
-0.463
8.493
-4.447
6622
0.209
6.798
-4.155
6632
0.42
6.262
-3.988
6642
0.573
5.941
-4.035
6652
0.885
5.731
-4.011
6662
1.636
5.663
-3.944
6672
1.924
5.822
-3.978
6683
2.297
6.066
-4.007
6693
2.307
7.019
-4.011
6702
1.938
7.387
-4.083
6713
1.522
7.679
-4.213
6723
0.99
8.283
-4.064
6733
0.229
9.03
-3.844
6743
0.004
9.513
-3.624
6753
-0.277
9.935
-3.547
6763
-0.387
10.131
-3.609
6773
-0.545
10.021
-3.633
6783
-0.746
9.887
-3.801
6793
-0.751
9.782
-3.949
6803
-0.688
9.748
-3.724
6813
-0.698
9.815
-3.614
6823
-0.607
9.872
-3.585
6833
-0.281
9.719
-3.504
6844
-0.205
9.619
-3.466
6854
0.075
9.513
-3.427
6864
0.233
9.571
-3.102
6874
0.923
9.236
-2.79
6886
1.249
9.068
-2.618
6894
1.483
8.934
-2.46
6904
1.785
8.824
-2.427
6914
1.823
8.795
-2.494
6924
1.68
8.762
-2.431
6934
1.478
8.723
-2.35
6944
1.071
8.517
-2.182
6954
0.995
8.584
-2.283
6964
1.033
8.709
-2.158
6975
1.124
8.714
-1.967
6985
1.105
8.786
-1.512
6995
0.966
8.771
-1.33
7005
0.861
8.723
-1.205
7014
0.707
8.498
-1.095
7025
0.684
8.34
-1.052
7035
0.674
8.187
-0.952
7045
0.717
8.101
-0.77
7055
0.698
7.914
-0.612
7064
0.784
7.914
-0.731
7075
0.87
7.952
-0.837
7085
1.057
8.11
-1.311
7095
1.009
8.283
-1.416
7105
0.956
8.493
-1.378
7115
0.875
8.709
-1.45
7125
0.971
9.379
-1.838
7135
0.885
9.758
-1.56
7146
0.679
10.126
-1.622
7156
0.219
11.041
-1.651
7166
0.19
11.395
-1.608
7175
0.257
11.659
-1.56
7186
0.693
11.893
-1.79
7196
2.393
12.822
-3.978
7206
2.474
13.411
-3.499
7216
2.728
13.938
-3.255
7226
2.944
14.23
-3.552
7236
2.68
13.914
-3.877
7246
2.781
13.133
-4.17
7256
3.159
12.918
-4.184
7267
3.106
12.104
-3.523
7277
2.752
11.117
-3.154
7287
2.532
9.978
-2.79
7297
2.297
7.56
-2.024
7307
2.23
6.621
-1.603
7317
2.053
5.927
-1.378
7327
1.79
5.501
-1.349
7337
1.344
5.491
-1.363
7348
0.966
5.62
-1.493
7357
0.549
5.659
-1.737
7368
-0.162
5.965
-3.078
7378
-0.329
6.425
-3.695
7388
-0.406
7.143
-4.035
7398
-0.305
7.967
-4.328
7408
0.229
9.068
-4.763
7418
0.736
9.36
-4.744
7428
1.277
9.547
-4.548
7438
1.905
10.002
-3.739
7448
1.957
10.16
-3.513
7458
1.89
10.208
-3.389
7469
1.823
10.002
-3.274
7478
1.526
9.542
-3.499
7489
1.536
9.403
-3.49
7499
1.632
9.231
-3.437
7509
1.536
9.121
-3.341
7519
1.445
9.197
-3.346
7529
1.512
9.116
-3.188
7539
1.603
9.015
-3.035
7549
1.818
8.527
-2.905
7559
1.986
8.311
-2.901
7569
2.087
8.12
-2.757
7579
2.077
7.952
-2.537
7589
1.818
8.053
-2.427
7599
1.421
8.278
-2.422
7609
0.933
8.666
-2.508
7619
0.257
9.197
-2.551
7630
0.051
9.427
-2.556
7640
-0.2
9.762
-2.503
7650
-0.458
10.083
-2.34
7659
-0.497
10.059
-2.216
7669
-0.53
9.954
-2.101
7680
-0.42
9.849
-2.106
7690
-0.099
9.561
-1.933
7700
0.123
9.451
-1.929
7711
0.391
9.236
-1.871
7721
0.875
8.977
-1.818
7730
1.033
8.9
-1.79
7740
1.081
8.757
-1.555
7751
1.043
8.747
-1.407
7761
0.664
8.91
-1.44
7771
0.415
9.082
-1.522
7781
0.257
9.274
-1.612
7791
0.114
9.609
-1.589
7801
0.037
9.695
-1.569
7812
-0.032
9.58
-1.713
7822
0.109
9.782
-1.814
7831
0.028
10.05
-1.656
7841
0.104
10.203
-1.498
7851
0.157
10.303
-1.273
7862
0.425
10.471
-1.311
7872
0.406
10.399
-1.387
7882
0.31
10.347
-1.478
7892
0.286
10.179
-1.522
7902
0.358
9.638
-1.296
7912
0.31
9.312
-1.196
7922
0.128
9.054
-1.21
7932
-0.473
8.781
-1.507
7942
-0.54
8.809
-1.881
7953
-0.468
8.991
-2.01
7962
-0.693
9.298
-2.015
7972
-1.081
10.289
-2.896
7982
-1.004
10.955
-3.322
7992
-0.875
11.4
-3.47
8003
-0.952
11.558
-3.509
8013
-0.315
10.691
-2.714
8022
0.703
10.184
-3.073
8032
-1.416
9.25
-3.662
8043
0.19
8.489
-1.809
8053
0.018
7.957
-1.881
8065
0.099
7.708
-2.302
8073
0.291
7.306
-2.551
8083
0.358
6.602
-3.035
8093
0.731
6.396
-3.284
8103
1.086
6.353
-3.169
8113
1.411
7.019
-2.336
8123
1.239
7.536
-1.871
8133
1.019
8.086
-1.579
8143
0.454
8.795
-1.541
8153
-0.53
9.844
-2.819
8163
-0.502
10.16
-2.872
8174
-0.305
10.509
-2.953
8183
-0.621
9.829
-3.394
8194
-1.129
9.671
-3.451
8204
-0.564
9.834
-3.389
8214
0.028
10.203
-2.877
8224
0.564
10.39
-3.087
8234
1
10.691
-2.982
8244
1.421
11.161
-3.135
8254
1.871
11.252
-3.049
8264
1.589
10.677
-3.643
8274
1.1
10.232
-3.595
8285
0.779
9.973
-3.341
8295
0.363
9.71
-2.829
8305
0.358
9.365
-2.508
8314
0.492
9.02
-2.278
8325
0.66
9.001
-2.23
8335
0.521
8.972
-2.254
8345
0.401
8.944
-2.259
8355
0.382
8.953
-2.321
8366
0.238
9.159
-2.182
8376
0.353
9.432
-2.101
8385
0.406
9.992
-2.12
8395
0.095
11.074
-1.981
8406
0.162
11.003
-1.794
8416
0.085
10.73
-1.359
8426
0.382
10.351
-1.292
8436
0.344
11.185
-1.818
8446
-0.458
11.673
-1.641
8456
-0.866
11.663
-1.612
8467
-1.105
12.592
-1.847
8477
-1.086
12.913
-2.144
8487
-0.995
13.2
-2.388
8497
-1.282
13.129
-2.814
8506
-0.923
12.109
-2.273
8516
-0.621
11.515
-1.708
8527
-0.818
10.758
-1.545
8538
-0.095
11.07
-1.723
8547
1.172
11.419
-2.058
8557
0.018
10.754
-1.431
8567
0.142
11.625
-1.186
8577
1.119
12.726
-1.66
8587
0.688
12.209
-1.311
8597
0.066
11.271
-0.684
8607
-0.324
13.133
-0.842
8618
-0.621
14.024
-0.449
8627
-1.014
14.182
0.463
8637
-0.98
14.819
2.245
8648
1.407
13.282
2.781
8658
2.441
12.401
-1.033
8667
2.776
11.544
-0.717
8677
1.651
8.982
-1.287
8688
0.909
8.201
-1.445
8698
0
7.579
-1.124
8708
-0.549
6.894
-0.391
8718
-1.694
6.348
-0.2
8728
-1.004
5.793
0.042
8738
3.499
5.668
-0.272
8748
2.699
5.06
-4.577
8758
3.815
6.329
-4.955
8769
3.408
6.626
-4.758
8778
2.901
6.703
-5.237
8788
-0.583
5.462
1.167
8798
-0.162
4.624
2.321
8808
0.899
5.012
-0.899
8819
0.344
5.338
-1.948
8829
1.263
3.384
-0.822
8839
2.623
2.872
-1.541
8849
3.154
3.169
-2.939
8859
3.322
5.573
-2.666
8869
3.432
6.339
-1.943
8879
3.509
6.463
-1.962
8889
3.672
6.319
-0.937
8900
3.011
4.021
5.367
8909
2.91
2.968
5.453
8919
2.977
1.842
6.387
8929
5.276
0.415
5.86
8940
6.037
0.166
5.285
8950
6.047
0.612
5.271
8960
6.985
1.44
4.495
8969
7.296
5.75
8.379
8980
6.88
8.345
7.655
8990
6.865
7.478
6.827
9000
5.836
6.693
12.88
9010
6.243
6.252
10.078
9020
5.826
5.97
10.04
9030
6.956
5.544
9.116
9040
6.865
4.826
9.145
9050
5.592
4.28
11.635
9060
4.184
3.796
13.622
9071
3.968
4.835
10.921
9081
4.735
5.185
10.27
9091
5.472
5.314
9.619
9101
5.774
5.458
7.718
9111
6.056
4.691
4.797
9121
5.826
4.687
4.869
9131
5.965
5.079
5.233
9141
6.008
5.295
5.946
9151
4.806
4.998
6.999
9161
3.504
4.098
8.173
9171
3.001
4.347
6.808
9182
1.569
3.604
12.765
9192
-0.822
3.925
8.982
9202
1.081
3.15
11.668
9211
1.124
2.632
11.438
9221
1.718
3.121
11.127
9234
2.048
3.37
9.288
9242
2.771
2.963
9.374
9252
2.197
2.757
10.112
9262
2.053
2.714
9.925
9272
1.727
2.685
9.863
9287
0.746
3.59
10.121
9292
0.842
3.399
10.117
9302
1.062
3.049
9.001
9312
1.292
2.934
8.604
9322
1.024
3.81
9.058
9332
1.201
3.83
9.039
9343
1.028
3.935
8.867
9353
1.636
4.035
9.485
9363
0.985
4.179
10.098
9373
1.105
4.146
10.303
9383
1.052
3.494
10.251
9393
1.292
3.499
10.639
9403
0.229
3.015
9.145
9413
0.909
3.121
6.65
9423
0.243
2.647
7.991
9433
0.569
2.58
8.642
9443
1.081
2.522
9.135
9453
1.45
2.671
9.327
9464
1.718
3.212
8.642
9473
1.636
3.303
8.762
9485
1.363
3.221
9.063
9494
0.798
2.518
9.724
9504
0.42
2.249
9.643
9514
0.075
2.096
9.422
9524
-0.071
1.823
9.729
9534
0.085
2.747
9.81
9544
-0.147
2.814
9.374
9554
-0.013
2.939
9.178
9564
0.387
3.279
9.221
9574
0.468
3.379
9.044
9587
0.449
3.604
8.891
9594
0.511
3.81
8.896
9605
0.257
3.638
9.178
9615
0.176
3.418
9.178
9625
0.051
3.106
8.92
9635
0.119
2.838
8.651
9645
0.267
2.853
8.628
9655
0.291
3.106
8.948
9665
0.334
3.355
9.25
9675
0.502
3.528
9.173
9685
0.372
3.451
9.049
9695
0.329
3.399
8.91
9706
0.387
3.389
8.924
9715
0.142
3.437
8.819
9725
0.214
3.365
8.699
9736
0.31
3.269
8.714
9746
0.636
3.327
8.747
9756
0.679
3.389
8.762
9766
0.669
3.432
8.843
9776
0.578
3.446
8.91
9787
0.224
3.365
8.939
9796
0.2
3.264
8.867
9807
0.205
3.236
8.877
9816
0.291
3.241
8.752
9827
0.363
3.241
8.699
9837
0.487
3.288
8.704
9847
0.526
3.355
8.857
9857
0.243
3.485
9.145
9867
0.219
3.509
9.058
9877
0.224
3.47
8.967
9887
0.458
3.384
8.766
9897
0.779
3.408
8.728
9907
0.88
3.36
8.608
9917
0.976
3.327
8.417
9927
0.597
3.451
8.345
9939
0.617
3.15
9.006
9947
0.257
3.15
8.982
9957
0.277
3.643
8.666
9967
0.066
3.868
8.786
9977
-0.186
4.155
8.508
9988
-0.506
3.983
9.102
9998
-1.301
2.733
9.518
10008
-1.411
3.346
8.125
10018
-1.732
3.672
9.13
10028
-1.933
3.595
10.265
10038
-1.55
3.619
9.877
10048
-1.186
3.533
9.327
10058
-0.985
3.322
9.427
10068
-1.043
3.221
9.978
10078
-1.009
3.197
9.892
10088
-0.923
3.14
9.623
10099
-0.655
2.953
9.006
10109
-0.64
2.91
8.9
10119
-0.669
3.006
8.963
10129
-0.607
3.159
9.068
10139
-0.487
3.154
9.111
10149
-0.387
3.126
9.145
10159
-0.382
3.087
9.207
10169
-0.43
3.102
9.24
10179
-0.502
3.159
9.255
10189
-0.444
3.202
9.26
10199
-0.339
3.202
9.231
10209
-0.229
3.063
9.188
10219
-0.147
3.059
9.183
10230
-0.095
3.193
9.068
10240
-0.095
3.442
9.068
10250
-0.042
3.504
9.097
10260
0.037
3.513
9.044
10270
0.142
3.499
9.054
10280
0.559
3.499
8.972
10290
0.712
3.466
8.982
10300
0.842
3.485
8.991
10311
0.923
3.561
8.843
10321
0.856
3.566
8.733
10331
0.818
3.537
8.623
10341
0.837
3.552
8.522
10351
0.458
3.427
8.853
10361
0.344
3.427
8.886
10371
0.214
3.437
8.862
10381
0.233
3.518
8.915
10391
0.229
3.547
8.877
10401
-0.013
3.485
7.517
10411
0.329
3.782
9.087
10421
0.195
3.427
8.967
10431
0.344
3.403
8.752
10444
0.305
3.308
8.651
10451
-0.224
3.389
8.685
10461
-0.473
3.528
8.781
10472
-0.573
3.571
8.824
10482
-0.755
3.389
8.618
10492
-0.832
3.466
8.642
10501
-0.775
3.652
8.934
10512
-0.899
3.82
8.843
10522
-1.014
4.122
8.661
10532
-1.593
4.366
9.25
10542
-1.89
4.351
9.643
10552
-2.058
4.299
9.686
10562
-1.67
4.323
9.054
10572
-1.301
4.481
8.757
10582
-1.129
4.605
8.632
10592
-1.172
4.514
8.69
10602
-1.182
4.438
8.699
10612
-1.153
4.572
8.608
10623
-1.186
4.653
8.546
10633
-1.196
4.711
8.671
10643
-1.287
4.672
8.714
10653
-1.378
4.61
8.795
10663
-1.512
4.586
8.786
10673
-1.675
4.624
8.704
10683
-1.651
4.62
8.704
10693
-1.67
4.572
8.805
10703
-1.579
4.605
8.742
10714
-1.522
4.658
8.723
10724
-1.33
4.62
8.537
10734
-0.985
4.476
8.503
10744
-0.837
4.256
9.044
10755
-0.736
4.241
8.656
10764
-0.583
4.313
8.608
10774
-0.645
4.079
8.843
10784
-0.645
3.921
8.814
10795
-0.583
3.796
8.733
10804
-0.607
3.739
8.503
10814
-0.444
3.863
8.728
10825
-0.411
3.988
8.45
10835
-0.382
4.04
8.517
10845
-0.358
4.011
8.331
10855
-0.233
3.911
8.335
10865
-0.109
3.786
8.551
10876
-0.023
3.695
8.565
10886
0.224
3.954
8.431
10896
0.3
4.222
8.666
10905
0.401
4.347
8.699
10916
0.272
4.198
8.929
10926
0.186
4.112
9.02
10936
0.071
4.055
9.073
10946
0.032
4.031
9.03
10956
0.037
3.93
8.843
10966
0.056
3.901
8.742
10976
0.075
3.873
8.714
10986
0.123
3.873
8.728
10997
0.176
3.911
8.685
11006
0.2
3.94
8.671
11017
0.195
3.964
8.685
11026
-0.013
3.997
8.714
11037
-0.162
4.064
8.742
11047
-0.229
4.055
8.747
11056
-0.176
3.992
8.46
11066
-0.171
3.94
8.412
11076
-0.109
3.887
8.45
11086
-0.056
3.901
8.508
11096
-0.066
3.887
8.632
11107
-0.056
3.849
8.623
11117
-0.061
3.815
8.776
11127
-0.056
3.743
8.92
11137
-0.013
3.638
8.35
11147
-0.798
3.542
8.177
11157
0.018
4.107
10.179
11167
-0.368
4.313
9.691
11177
-0.037
4.481
9.442
11187
-0.018
4.217
9.48
11197
0.056
4.332
9.523
11207
0.018
4.323
9.422
11217
-0.095
4.064
9.121
11228
0.099
3.614
8.68
11237
0.186
4.193
7.962
11248
0.2
4.423
7.986
11258
0.147
4.428
8.249
11268
0.19
4.299
8.436
11278
0.195
4.466
8.522
11288
0.114
4.624
8.867
11298
-0.071
4.782
9.159
11308
-0.353
4.768
9.006
11318
-0.578
4.581
8.934
11328
-0.674
4.313
8.608
11338
-1.172
4.184
8.211
11348
-2.12
4.648
6.99
11359
-2.297
4.763
9.542
11369
-2.273
4.49
9.638
11379
-1.115
4.577
8.805
11389
-0.923
4.395
8.685
11399
-0.99
4.49
8.809
11409
-0.904
4.433
8.402
11419
-0.98
4.102
8.235
11429
-1.043
3.897
8.125
11439
-1.047
3.901
8.01
11449
-0.846
4.098
8.101
11459
-0.727
4.093
8.211
11470
-0.549
4.15
8.474
11480
-0.344
4.213
8.546
11490
-0.147
4.179
8.738
11500
-0.09
4.174
8.608
11510
0.018
4.155
8.364
11520
-0.262
3.628
6.87
11530
-0.679
4.031
9.499
11540
-0.679
4.62
9.748
11550
-1.21
4.213
9.236
11560
-0.751
4.28
9.202
11570
-0.937
3.983
9.035
11580
-0.947
3.796
9.111
11590
-0.583
3.863
9.135
11600
-0.224
3.873
8.929
11611
0.095
3.7
8.771
11621
0.358
3.825
8.656
11631
0.588
3.997
8.762
11641
0.334
3.997
8.853
11651
0.229
3.949
8.853
11661
0.521
4.107
8.685
11671
0.837
4.213
8.742
11681
1.028
4.265
8.809
11691
1.177
4.198
8.704
11701
1.392
4.284
8.718
11711
1.244
4.294
8.991
11721
1.062
4.26
9.202
11731
0.832
4.198
9.111
11741
0.76
4.165
9.03
11752
0.669
4.05
8.843
11762
0.559
3.858
8.532
11772
0.09
3.552
8.513
11782
-0.099
3.657
8.944
11792
-0.186
3.786
9.327
11802
0.066
3.734
9.317
11812
0.205
3.6
9.092
11822
0.291
3.59
8.92
11833
0.353
3.648
8.809
11843
0.439
3.681
8.877
11852
0.473
3.705
8.915
11863
0.549
3.729
8.685
11873
0.315
3.423
8.589
11883
0.257
3.403
8.757
11893
0.315
3.504
8.953
11903
0.391
3.576
8.982
11914
0.449
3.6
9.015
11924
0.391
3.59
8.905
11933
0.19
3.533
8.857
11943
0.128
3.691
9.786
11953
0.243
3.672
9.489
11963
0.267
3.619
9.207
11974
0.344
3.667
8.939
11984
0.387
3.758
8.977
11993
0.406
3.82
8.9
12004
0.363
3.796
8.824
12014
0.267
3.834
8.833
12024
0.224
3.743
8.857
12034
0.219
3.681
8.929
12044
0.2
3.633
8.963
12054
0.142
3.672
8.944
12064
0.104
3.676
8.915
12074
0.114
3.652
8.939
12084
0.209
3.724
8.929
12094
0.19
3.724
8.963
12104
0.166
3.743
8.987
12114
0.123
3.772
8.972
12124
0.138
3.743
9.011
12135
0.133
3.739
8.967
12145
0.162
3.786
8.896
12155
0.176
3.782
8.91
12165
0.171
3.762
9.006
12175
0.2
3.767
8.972
12185
0.238
3.801
8.886
12195
0.248
3.801
8.79
12205
0.248
3.758
8.857
12215
0.238
3.791
8.91
12225
0.257
3.786
8.872
12235
0.243
3.791
8.905
12246
0.229
3.786
8.972
12256
0.205
3.753
9.116
12266
0.109
3.734
9.533
12315
0.147
3.748
9.394
12316
0.195
3.724
9.212
12317
0.243
3.753
8.944
12318
0.277
3.758
8.867
12319
0.272
3.729
8.805
12337
0.286
3.695
8.742
12338
0.305
3.743
8.714
12346
0.272
3.715
8.939
12357
0.233
3.724
9.145
12366
0.233
3.743
9.058
12377
0.248
3.748
8.996
12387
0.267
3.762
8.939
12397
0.257
3.762
8.877
12407
0.238
3.753
8.929
12417
0.205
3.705
8.939
12427
0.157
3.676
8.905
12437
0.133
3.681
8.886
12447
0.095
3.624
8.877
12457
0.119
3.609
8.867
12467
0.176
3.59
8.934
12477
0.224
3.662
8.944
12487
0.248
3.743
8.996
12512
0.243
3.762
8.958
12513
0.257
3.777
8.944
12518
0.257
3.739
8.915
12528
0.195
3.734
8.944
12538
0.104
3.667
9.015
12548
0.08
3.667
9.02
12558
0.138
3.652
8.987
12568
0.19
3.648
8.977
12578
0.233
3.672
9.011
12588
0.286
3.786
8.948
12599
0.272
3.767
8.872
12608
0.272
3.71
8.824
12619
0.214
3.643
8.709
12629
0.195
3.619
8.671
12639
0.2
3.648
8.714
12649
0.224
3.681
8.843
12659
0.238
3.662
9.006
12669
0.224
3.686
9.082
12679
0.224
3.724
9.145
12689
0.147
3.686
9.154
12699
0.128
3.643
9.164
12710
0.075
3.662
9.164
12720
0.075
3.681
9.236
12730
0.071
3.705
9.121
12740
0.071
3.662
9.044
12750
0.09
3.686
9.015
12760
0.051
3.614
9.078
12770
-0.061
3.604
9.216
12780
-0.133
3.628
9.327
12791
-0.133
3.614
9.221
12801
-0.028
3.638
8.967
12810
0.051
3.6
8.905
12820
0.095
3.614
8.838
12831
0.047
3.662
8.838
12840
-0.004
3.681
8.819
12851
0.004
3.686
8.795
12861
0.004
3.672
8.824
12871
-0.051
3.652
8.824
12881
-0.075
3.652
8.776
12891
-0.09
3.652
8.718
12901
-0.147
3.667
8.776
12911
-0.171
3.652
8.795
12921
-0.186
3.624
8.819
12931
-0.171
3.628
8.843
12941
-0.071
3.681
8.91
12951
-0.061
3.624
8.915
12961
-0.085
3.566
8.915
12972
0.013
3.724
9.173
12982
0.028
3.729
9.231
12992
-0.138
3.581
9.37
13002
-0.291
3.48
9.178
13012
-0.272
3.332
7.512
13022
-1.507
2.877
7.148
13032
-0.813
3.93
10.682
13042
-0.789
3.753
10.069
13052
-0.564
3.566
9.662
13062
-0.784
3.47
10.04
13072
-0.961
3.609
10.155
13082
-0.923
3.375
9.571
13093
-0.77
3.293
8.881
13103
-0.588
3.399
8.647
13112
-0.3
3.705
8.814
13123
-0.157
3.686
8.709
