0	2542	-1880	-32	46	105	238	
1	2539	-1889	-31	46	134	243	
2	2544	-1893	-26	45	163	245	
3	2448	-1941	99	81	326	210	
4	2212	-2259	336	41	166	107	
5	1690	-2183	130	-263	-244	133	
6	2491	-2336	-392	-272	-195	-15	
7	2768	-2940	172	-595	345	-381	
8	1440	-2923	873	-3	247	-112	
9	1654	-2452	1104	-80	-263	-570	
10	3054	-1749	775	-185	-219	-427	
11	2727	-2451	628	51	-24	310	
12	1498	-2109	483	39	-286	592	
13	1842	-1917	408	-22	-608	347	
14	2506	-1796	263	-11	-553	231	
15	2266	-1930	212	-12	-435	319	
16	1877	-2086	217	59	-454	171	
17	2106	-1989	263	99	-424	14	
18	2199	-1802	140	-11	-397	-132	
19	2043	-1853	35	-80	-328	-174	
20	2031	-2256	60	-66	-387	-69	
21	2308	-2349	7	-187	-358	-13	
22	2424	-2181	-186	-243	-139	-106	
23	2031	-2336	-306	-287	-230	-27	
24	2514	-2718	356	-174	-128	22	
25	3362	-2793	1109	-170	650	358	
26	2065	-2341	987	-105	826	503	
27	1286	-2392	821	103	-50	14	
28	2181	-2369	597	190	-166	-335	
29	2730	-2099	443	44	137	-274	
30	2501	-1791	346	84	487	-310	
31	2230	-1896	287	246	610	-358	
32	2135	-1983	306	265	596	-190	
33	2255	-2047	194	194	447	-158	
34	2332	-2016	199	152	339	-50	
35	2241	-1901	109	160	330	102	
36	2308	-1844	87	52	242	190	
37	2427	-1896	47	-62	261	203	
38	2385	-2066	167	-196	310	100	
39	1936	-2194	-46	-316	121	143	
40	2294	-2106	-214	-327	94	116	
41	2374	-2685	119	-401	339	-264	
42	1622	-2924	953	-3	341	-281	
43	1470	-2496	1175	-148	-195	-575	
44	2976	-2025	710	-325	-309	-446	
45	2649	-2543	392	-176	-29	253	
46	1696	-2216	379	-146	-169	395	
47	1901	-1946	339	-114	-465	196	
48	2298	-1711	299	31	-570	179	
49	2163	-1930	318	98	-563	154	
50	1990	-2159	233	32	-586	42	
51	2278	-2036	207	4	-468	-104	
52	2224	-1918	55	3	-371	-122	
53	2068	-1948	-17	-1	-395	-159	
54	2092	-1956	-28	-84	-402	-182	
55	2240	-2013	-117	-88	-308	-178	
56	2323	-2035	-24	-54	-115	-187	
57	2330	-1845	-175	-187	51	-179	
58	1793	-1985	-521	-404	-187	5	
59	1837	-2231	-169	-233	-518	104	
60	3335	-2686	878	84	-375	233	
61	3436	-3353	1116	-254	751	853	
62	1204	-2862	748	-22	40	696	
63	1620	-2826	509	54	-514	-185	
64	2955	-2579	481	196	-353	-444	
65	3037	-1767	401	148	359	-425	
66	2297	-1598	391	356	742	-299	
67	2013	-1811	342	361	643	-278	
68	2365	-2202	376	305	420	-117	
69	2407	-2225	442	146	230	-79	
70	2308	-2048	240	-33	122	-97	
71	2513	-2045	286	-8	126	-146	
72	2480	-2059	276	-44	168	-75	
73	2346	-2062	270	-85	102	17	
74	2445	-2030	214	-144	168	61	
75	2474	-2036	195	-190	260	123	
76	2323	-2147	271	-134	306	231	
77	2058	-2302	329	-119	161	238	
78	2140	-2350	330	-112	-104	62	
79	2404	-2166	351	-63	-145	25	
80	2336	-2041	357	23	14	123	
81	2191	-2084	372	43	70	77	
82	2183	-2186	342	17	15	-12	
83	2210	-2307	273	-16	-64	-6	
84	2242	-2254	236	-19	-75	25	
85	2278	-2128	253	14	17	3	
86	2234	-2159	230	38	101	21	
87	2144	-2222	243	61	83	36	
88	2143	-2190	278	77	-5	10	
89	2205	-2216	247	82	-37	22	
90	2218	-2199	251	84	-12	53	
91	2196	-2174	263	81	-7	45	
92	2214	-2167	267	102	4	43	
93	2207	-2192	241	93	10	47	
94	2203	-2181	224	81	3	39	
95	2225	-2176	224	83	6	33	
96	2217	-2202	222	73	20	52	
97	2201	-2190	224	59	9	52	
98	2202	-2181	224	75	3	45	
99	2216	-2169	238	83	4	43	
100	2218	-2175	252	75	19	32	
101	2201	-2190	245	75	5	36	
102	2194	-2189	261	74	-18	39	
103	2188	-2178	259	75	-40	37	
104	2204	-2180	245	69	-58	38	
105	2203	-2177	269	88	-70	34	
106	2216	-2179	291	93	-80	35	
107	2206	-2163	281	87	-89	25	
108	2230	-2171	281	93	-107	21	
109	2228	-2190	276	97	-109	23	
110	2233	-2169	298	96	-111	18	
111	2227	-2155	280	89	-124	12	
112	2216	-2167	297	79	-143	18	
113	2232	-2179	293	86	-136	23	
114	2242	-2169	297	83	-143	21	
115	2233	-2164	301	73	-139	25	
116	2224	-2153	302	61	-139	28	
117	2212	-2157	323	52	-142	31	
118	2238	-2172	325	43	-148	22	
119	2234	-2167	318	35	-132	39	
120	2199	-2169	332	26	-121	43	
121	2183	-2170	337	22	-132	42	
122	2206	-2176	318	35	-127	52	
123	2217	-2179	312	26	-97	50	
124	2203	-2176	318	17	-59	50	
125	2206	-2168	330	17	-6	62	
126	2195	-2151	325	1	40	37	
127	2214	-2166	334	-23	69	34	
128	2180	-2165	319	-45	117	39	
129	2147	-2183	339	-33	113	37	
130	2100	-2184	342	-33	86	56	
131	2082	-2190	344	-9	49	60	
132	2067	-2193	352	-11	1	61	
133	2065	-2185	358	-1	-51	63	
134	2027	-2190	342	-11	-115	80	
135	2054	-2169	326	-31	-183	80	
136	2082	-2171	272	-23	-211	69	
137	2099	-2175	270	-17	-213	42	
138	2118	-2172	282	-27	-201	20	
139	2124	-2174	287	-35	-175	15	
140	2118	-2207	276	-43	-144	14	
141	2072	-2200	278	-54	-150	10	
142	2070	-2177	274	-47	-167	12	
143	2054	-2173	284	-50	-206	15	
144	2051	-2187	282	-29	-241	26	
145	2047	-2191	279	-23	-303	6	
146	2049	-2195	273	-9	-364	9	
147	2068	-2177	289	17	-400	17	
148	2060	-2179	303	29	-437	10	
149	2080	-2176	297	22	-474	-4	
150	2082	-2171	298	37	-477	-3	
151	2101	-2183	318	50	-483	-36	
152	2099	-2224	307	90	-466	-41	
153	2064	-2229	327	108	-477	-13	
154	2031	-2192	316	105	-515	-29	
155	2038	-2159	324	111	-590	-27	
156	2045	-2167	307	95	-618	-29	
157	2086	-2149	305	66	-629	-53	
158	2073	-2150	296	65	-624	-86	
159	2066	-2168	325	58	-612	-127	
160	2143	-2217	348	53	-584	-145	
161	2105	-2207	361	62	-550	-161	
162	2099	-2151	380	97	-527	-222	
163	2175	-2134	435	150	-576	-280	
164	2219	-2251	450	224	-586	-228	
165	2254	-2247	496	185	-727	-175	
166	2220	-2178	493	168	-900	-118	
167	2242	-2122	458	322	-995	-129	
168	2263	-2110	435	370	-1097	-148	
169	2391	-2104	377	337	-1179	-149	
170	2543	-2106	331	328	-1120	-107	
171	2486	-2181	284	339	-1073	-44	
172	2359	-2210	229	299	-1151	36	
173	2447	-2157	210	205	-1251	35	
174	2528	-2098	262	164	-1310	14	
175	2469	-2037	274	178	-1364	29	
176	2432	-2123	238	244	-1502	79	
177	2471	-2153	241	246	-1605	151	
178	2541	-2143	237	206	-1629	203	
179	2540	-2096	266	223	-1615	241	
180	2584	-2089	305	244	-1579	257	
181	2655	-2057	334	240	-1490	260	
182	2696	-2093	355	197	-1355	267	
183	2681	-2126	389	103	-1190	299	
184	2672	-2097	434	3	-1017	281	
185	2682	-2071	414	21	-866	261	
186	2609	-2113	382	44	-740	294	
187	2514	-2126	373	97	-687	324	
188	2514	-2140	371	101	-638	375	
189	2482	-2142	400	101	-527	416	
190	2348	-2151	429	106	-443	412	
191	2390	-2159	474	91	-403	318	
192	2401	-2199	450	71	-229	223	
193	2274	-2204	356	49	-143	159	
194	2186	-2154	320	115	-135	126	
195	2152	-2126	366	162	-162	132	
196	2088	-2145	324	138	-224	163	
197	2022	-2237	315	124	-378	207	
198	1964	-2233	297	54	-553	215	
199	2011	-2240	282	53	-616	264	
200	2007	-2276	227	26	-593	285	
201	2020	-2214	213	-9	-573	285	
202	1919	-2197	229	-18	-577	294	
203	1948	-2173	261	8	-568	300	
204	1985	-2148	325	30	-508	270	
205	1930	-2132	264	18	-547	232	
206	1772	-2172	216	0	-694	224	
207	1938	-2183	201	-13	-813	169	
208	2089	-2161	237	16	-734	137	
209	2004	-2146	250	21	-633	116	
210	2011	-2132	277	22	-559	55	
211	2016	-2108	257	19	-473	85	
212	1931	-2128	216	-13	-420	99	
213	1886	-2215	153	-9	-428	37	
214	1928	-2209	170	1	-456	4	
215	1935	-2165	192	15	-481	-35	
216	1933	-2161	166	15	-510	-29	
217	1940	-2132	168	-9	-462	-43	
218	1916	-2106	134	-58	-419	-108	
219	1883	-2134	73	-105	-402	-162	
220	1904	-2181	93	-124	-397	-216	
221	1966	-2203	141	-148	-380	-190	
222	2146	-2461	367	-137	-299	-48	
223	2384	-2525	423	-221	-113	42	
224	2225	-2235	458	-110	-102	-79	
225	2333	-1998	525	58	-152	-169	
226	2727	-2231	429	13	118	-252	
227	2784	-2358	404	-97	588	-366	
228	2297	-2220	371	-91	753	-424	
229	2126	-2132	361	-7	566	-461	
230	2294	-2054	359	68	396	-418	
231	2447	-2068	353	144	349	-316	
232	2464	-2114	350	135	361	-288	
233	2373	-2103	347	122	277	-202	
234	2337	-2038	326	110	80	-85	
235	2376	-2052	265	102	-35	8	
236	2482	-2118	214	63	-16	33	
237	2538	-2101	180	26	50	84	
238	2473	-2056	211	63	105	178	
239	2379	-2065	180	46	64	220	
240	2424	-2124	156	17	18	282	
241	2455	-2144	235	102	-70	333	
242	2323	-2206	318	157	-196	366	
243	2362	-2178	191	32	-319	311	
244	2468	-2093	136	23	-348	217	
245	2403	-2266	179	-34	-393	162	
246	2327	-2191	203	-154	-643	122	
247	2002	-2442	492	-52	-700	121	
248	2019	-2789	676	-80	-961	-134	
249	2423	-2000	676	-70	-919	-14	
250	2156	-1935	563	97	-732	353	
251	1754	-2166	485	91	-1017	483	
252	1797	-2238	469	89	-1427	367	
253	2171	-2163	416	50	-1486	403	
254	2270	-2084	360	122	-1402	358	
255	2150	-2186	382	187	-1346	308	
256	2092	-2191	364	163	-1288	324	
257	2147	-2113	301	190	-1209	278	
258	2161	-2172	266	223	-1097	249	
259	2131	-2110	245	173	-994	154	
260	2060	-2070	167	155	-973	55	
261	2052	-2067	139	72	-962	-28	
262	2113	-2124	186	32	-814	-24	
263	2153	-2098	219	-69	-745	-86	
264	2377	-1958	45	-178	-666	-151	
265	2093	-2059	-172	-363	-664	-81	
266	2051	-2278	-16	-287	-645	-144	
267	2855	-2490	584	-207	-402	-91	
268	2659	-2631	846	-368	242	203	
269	1570	-2352	787	-258	-178	112	
270	2146	-2443	651	-13	-616	-211	
271	2665	-2261	462	-90	-247	-249	
272	2320	-1958	358	-37	93	-361	
273	2250	-2025	428	123	46	-379	
274	2198	-2050	419	155	-1	-187	
275	2310	-2042	368	208	-86	-145	
276	2489	-2104	386	180	-65	-182	
277	2493	-2025	272	170	4	-94	
278	2477	-1959	236	223	72	40	
279	2523	-1993	143	145	142	139	
280	2613	-2014	137	71	279	170	
281	2395	-2077	158	-11	423	189	
282	2197	-2183	261	-43	312	86	
283	2048	-2007	-82	-267	20	88	
284	2710	-2172	-186	-307	159	-78	
285	2468	-2498	164	-497	523	-104	
286	1473	-2649	859	-57	432	-48	
287	1560	-2585	881	-156	-418	-488	
288	2745	-2095	631	-248	-422	-179	
289	2330	-2409	382	-126	-176	368	
290	1761	-2092	358	-113	-323	330	
291	1966	-1878	356	-15	-576	273	
292	2119	-1920	307	119	-696	272	
293	2059	-2164	334	184	-687	194	
294	2142	-2227	291	146	-564	130	
295	2218	-2024	237	192	-367	79	
296	2150	-1979	221	280	-327	-42	
297	2026	-2091	202	229	-396	-69	
298	2054	-2115	181	162	-407	-50	
299	2152	-2053	155	66	-455	-88	
300	2123	-2156	208	148	-466	-92	
301	2230	-2101	-3	-48	-540	-152	
302	1949	-2098	-273	-277	-803	-9	
303	2047	-2309	-223	-269	-927	-68	
304	2847	-2595	429	-29	-557	-66	
305	3093	-2979	880	-175	401	248	
306	1764	-2284	729	-334	371	240	
307	1783	-2067	596	-98	-102	-201	
308	2615	-2174	502	4	-66	-362	
309	2707	-2221	456	-1	340	-296	
310	2315	-1982	434	84	550	-260	
311	2177	-1965	438	134	517	-280	
312	2305	-2099	429	154	386	-160	
313	2399	-2175	372	163	269	-134	
314	2424	-2059	290	114	228	-125	
315	2400	-2037	267	163	262	-21	
316	2369	-2055	258	171	254	51	
317	2389	-2034	182	122	263	69	
318	2420	-2056	135	118	276	113	
319	2454	-2089	169	95	248	155	
320	2347	-2124	118	11	230	143	
321	2377	-2083	54	-95	276	107	
322	2339	-2046	-14	-267	292	92	
323	2394	-1925	-273	-492	364	134	
324	2333	-2279	15	-376	657	169	
325	1672	-2925	857	-59	760	-22	
326	1544	-2767	849	-322	-27	-511	
327	2666	-1960	635	-306	-252	-263	
328	2249	-2350	405	-78	-300	401	
329	1594	-2144	358	-80	-697	389	
330	2092	-2070	283	19	-884	180	
331	2392	-2046	316	104	-702	210	
332	2289	-2053	304	135	-559	145	
333	2139	-2227	295	158	-436	125	
334	2124	-2176	270	161	-320	95	
335	2232	-2007	223	195	-229	-17	
336	2169	-2079	193	209	-118	-80	
337	2088	-2098	141	145	-109	-116	
338	2040	-2030	134	120	-139	-127	
339	2146	-2064	111	96	-238	-165	
340	2194	-2128	120	18	-283	-171	
341	2226	-2051	-64	-94	-394	-188	
342	2167	-2229	-112	-127	-556	-110	
343	2473	-2619	81	-4	-392	-10	
344	2878	-2793	614	83	283	218	
345	2289	-2450	501	-308	714	366	
346	1697	-2171	521	-226	420	59	
347	2420	-2013	618	-65	396	-224	
348	2817	-2039	593	69	897	-206	
349	2462	-2096	500	13	1383	-124	
350	2261	-2141	430	-42	1517	-301	
351	2390	-2163	387	-89	1551	-341	
352	2329	-2149	304	-89	1592	-229	
353	2432	-2130	329	-68	1627	-255	
354	2537	-2045	322	-113	1792	-234	
355	2393	-2121	308	-97	1903	-118	
356	2382	-2146	299	-167	1892	-100	
357	2442	-2143	260	-151	1907	-63	
358	2512	-2164	257	-142	1923	-70	
359	2479	-2120	250	-153	1918	-111	
360	2475	-2055	241	-196	1950	-64	
361	2492	-2059	257	-252	1978	-19	
362	2530	-2017	258	-279	2021	-5	
363	2498	-1991	331	-184	2086	42	
364	2398	-2092	333	-111	2128	59	
365	2265	-2360	383	-25	1994	-14	
366	1918	-2503	534	103	1747	-48	
367	1824	-2488	538	173	1412	-79	
368	2105	-2291	340	141	1272	-63	
369	2121	-2154	294	176	1513	-20	
370	1883	-2106	225	124	1556	-62	
371	1802	-2175	238	148	1615	-93	
372	1795	-2152	322	144	1548	-74	
373	1828	-2171	350	76	1467	-126	
374	1986	-2066	405	10	1353	-177	
375	1936	-2040	397	-38	1235	-93	
376	1951	-2100	436	-72	1144	-96	
377	2048	-2106	464	-105	1126	-157	
378	2084	-2085	471	-145	1200	-206	
379	2053	-2126	485	-170	1281	-255	
380	1983	-2178	497	-186	1329	-270	
381	2012	-2208	504	-214	1308	-277	
382	2024	-2195	485	-215	1297	-240	
383	1994	-2171	489	-202	1197	-243	
384	1957	-2136	470	-219	1074	-251	
385	1944	-2090	491	-209	935	-288	
386	1997	-2071	546	-161	796	-363	
387	2126	-2180	595	-158	684	-360	
388	2158	-2204	532	-99	550	-287	
389	2118	-2264	498	5	389	-75	
390	2188	-2213	416	96	335	80	
391	2354	-2098	412	184	320	13	
392	2658	-2409	261	217	376	7	
393	2411	-2390	178	53	538	148	
394	2155	-2273	164	22	490	-134	
395	2452	-2242	244	31	319	-323	
396	2535	-2116	244	-12	270	-308	
397	2615	-2023	223	-6	351	-382	
398	2622	-2099	219	-64	518	-378	
399	2445	-2118	226	-104	570	-219	
400	2329	-2063	228	-77	506	-112	
401	2396	-2111	289	-98	435	-81	
402	2459	-2120	267	-152	426	-24	
403	2359	-2075	278	-192	412	79	
404	2290	-2150	347	-132	331	161	
405	2235	-2233	375	-186	213	204	
406	2362	-2217	429	-136	30	186	
407	2217	-2301	437	-119	-64	174	
408	2322	-2183	380	-137	-165	6	
409	2478	-2023	291	-42	-92	25	
410	2319	-2039	293	-8	62	112	
411	2193	-2183	275	-1	95	111	
412	2174	-2292	287	-2	23	108	
413	2195	-2229	343	40	-49	102	
414	2152	-2125	388	48	-140	65	
415	2202	-2143	345	-8	-144	43	
416	2308	-2144	305	-61	-29	29	
417	2279	-2156	289	-56	85	19	
418	2167	-2193	289	-52	120	18	
419	2134	-2188	312	-27	53	13	
420	2153	-2176	324	-46	-11	15	
421	2193	-2159	316	-17	-46	30	
422	2235	-2200	317	-16	-18	17	
423	2230	-2171	325	13	5	38	
424	2200	-2167	360	-1	19	14	
425	2195	-2178	359	-8	-3	16	
426	2211	-2166	344	-15	-9	16	
427	2204	-2154	328	-19	-32	21	
428	2198	-2166	340	-16	-39	10	
429	2199	-2181	345	-7	-39	11	
430	2202	-2178	335	-9	-51	19	
431	2207	-2179	337	3	-45	5	
432	2224	-2175	353	14	-32	8	
433	2218	-2171	337	8	-16	10	
434	2208	-2170	339	13	14	4	
435	2216	-2172	364	15	21	2	
436	2201	-2175	359	12	33	0	
437	2193	-2171	349	10	32	2	
438	2215	-2187	339	18	34	-3	
439	2216	-2170	365	23	40	6	
440	2207	-2148	368	1	37	13	
441	2209	-2173	364	-5	50	10	
442	2213	-2176	348	-10	42	2	
443	2206	-2163	352	-6	40	-6	
444	2195	-2170	364	-11	19	-1	
445	2200	-2185	348	-11	11	-1	
446	2204	-2179	333	5	16	7	
447	2211	-2183	332	19	21	9	
448	2209	-2157	334	24	24	4	
449	2210	-2174	336	15	33	12	
450	2207	-2171	346	17	42	8	
451	2204	-2166	341	13	56	10	
452	2196	-2173	346	-14	45	10	
453	2199	-2178	338	-17	34	12	
454	2194	-2185	332	0	37	20	
455	2193	-2172	360	9	41	10	
456	2186	-2174	364	0	33	8	
457	2178	-2160	348	-17	20	1	
458	2186	-2166	353	-17	7	5	
459	2182	-2173	348	-13	3	7	
460	2182	-2166	347	-15	-6	7	
461	2190	-2171	332	-9	-4	0	
462	2194	-2176	332	-3	-10	9	
463	2200	-2178	339	7	-4	16	
464	2188	-2172	335	0	-3	12	
465	2193	-2183	333	15	-6	5	
466	2192	-2185	327	20	-9	9	
467	2176	-2166	321	9	-13	18	
468	2192	-2182	313	8	-6	5	
469	2192	-2181	333	18	11	5	
470	2180	-2180	348	33	12	2	
471	2196	-2179	321	20	8	-3	
472	2191	-2172	326	22	13	2	
473	2174	-2165	337	21	10	2	
474	2172	-2170	326	15	4	-3	
475	2190	-2182	336	9	2	-8	
476	2181	-2167	335	3	-9	-9	
477	2170	-2169	336	-1	-25	-5	
478	2173	-2170	339	4	-38	-3	
479	2182	-2179	349	0	-46	-6	
480	2184	-2178	324	2	-49	-10	
481	2194	-2175	322	-10	-48	-11	
482	2208	-2178	319	-17	-34	-15	
483	2210	-2174	327	-8	-28	-14	
484	2200	-2183	322	-19	-27	-9	
485	2202	-2176	320	-23	-24	-12	
486	2205	-2178	324	-22	-10	-6	
487	2203	-2173	320	-20	-9	-8	
488	2199	-2176	319	-21	-6	-16	
489	2206	-2183	337	-17	-7	-6	
490	2214	-2186	321	-15	4	-13	
491	2194	-2180	302	-11	8	-7	
492	2190	-2168	315	-5	-4	-3	
493	2192	-2171	308	-9	-9	-2	
494	2183	-2181	314	-9	-10	-2	
495	2198	-2179	304	1	-22	2	
496	2200	-2171	313	7	-24	0	
497	2196	-2172	319	2	-22	-2	
498	2195	-2175	341	5	-31	-1	
499	2199	-2177	314	3	-35	0	
500	2197	-2182	343	1	-30	0	
