1	1512941242586	-1.723	4.213	8.632	Gaitsway
2	1512941242596	-1.55	4.069	8.809	Gaitsway
3	1512941242606	-1.387	3.82	8.867	Gaitsway
4	1512941242616	-1.196	3.241	8.613	Gaitsway
5	1512941242626	-1.426	2.939	8.695	Gaitsway
6	1512941242635	-1.545	2.905	8.9	Gaitsway
7	1512941242646	-1.612	2.412	9.432	Gaitsway
8	1512941242656	-1.502	1.383	9.643	Gaitsway
9	1512941242665	-1.143	2.503	9.307	Gaitsway
10	1512941242676	-1.234	3.083	9.044	Gaitsway
11	1512941242686	-1.612	3.284	8.814	Gaitsway
12	1512941242696	-1.694	3.217	9.025	Gaitsway
13	1512941242706	-1.584	3.188	9.288	Gaitsway
14	1512941242716	-1.435	3.202	9.255	Gaitsway
15	1512941242726	-1.363	3.178	9.068	Gaitsway
16	1512941242736	-1.239	3.15	8.972	Gaitsway
17	1512941242746	-1.196	3.226	8.972	Gaitsway
18	1512941242756	-1.378	3.513	9.02	Gaitsway
19	1512941242766	-1.498	3.59	9.03	Gaitsway
20	1512941242776	-1.474	3.576	8.953	Gaitsway
21	1512941242786	-1.038	3.078	9.087	Gaitsway
22	1512941242797	-0.99	2.972	9.236	Gaitsway
23	1512941242807	-1.009	3.073	9.255	Gaitsway
24	1512941242817	-0.985	3.221	9.149	Gaitsway
25	1512941242827	-0.985	3.403	8.838	Gaitsway
26	1512941242837	-1.182	3.432	8.982	Gaitsway
27	1512941242847	-1.421	3.48	9.082	Gaitsway
28	1512941242857	-1.292	3.47	9.125	Gaitsway
29	1512941242867	-1.196	3.47	8.977	Gaitsway
30	1512941242877	-1.253	3.523	8.857	Gaitsway
31	1512941242887	-1.411	3.561	8.972	Gaitsway
32	1512941242898	-1.612	3.581	9.068	Gaitsway
33	1512941242908	-1.656	3.499	9.068	Gaitsway
34	1512941242918	-1.727	3.48	9.02	Gaitsway
35	1512941242928	-1.78	3.413	9.03	Gaitsway
36	1512941242938	-1.727	3.346	9.092	Gaitsway
37	1512941242949	-1.713	3.351	9.14	Gaitsway
38	1512941242959	-1.632	3.284	9.274	Gaitsway
39	1512941242969	-1.512	3.092	9.389	Gaitsway
40	1512941242980	-1.636	3.169	9.351	Gaitsway
41	1512941242989	-1.814	3.36	9.216	Gaitsway
42	1512941242999	-1.857	3.528	9.006	Gaitsway
43	1512941243009	-1.713	3.561	9.054	Gaitsway
44	1512941243019	-1.617	3.494	9.188	Gaitsway
45	1512941243030	-1.665	3.542	9.073	Gaitsway
46	1512941243040	-1.9	3.48	9.173	Gaitsway
47	1512941243050	-1.881	3.408	8.886	Gaitsway
48	1512941243060	-1.79	3.332	8.805	Gaitsway
49	1512941243070	-1.689	3.217	8.944	Gaitsway
50	1512941243080	-1.723	3.197	8.704	Gaitsway
51	1512941243090	-1.737	3.375	8.551	Gaitsway
52	1512941243100	-1.766	3.485	8.584	Gaitsway
53	1512941243110	-1.584	3.427	8.647	Gaitsway
54	1512941243120	-1.138	3.288	8.805	Gaitsway
55	1512941243130	-0.784	3.121	8.747	Gaitsway
56	1512941243141	-1.052	3.322	8.13	Gaitsway
57	1512941243150	-1.052	3.604	8.551	Gaitsway
58	1512941243160	-1.215	3.648	8.431	Gaitsway
59	1512941243169	-1.56	3.695	8.781	Gaitsway
60	1512941243180	-1.627	3.355	8.733	Gaitsway
61	1512941243190	-1.608	3.274	8.762	Gaitsway
62	1512941243200	-1.636	3.217	8.972	Gaitsway
63	1512941243210	-1.512	3.284	8.996	Gaitsway
64	1512941243220	-1.057	3.015	9.451	Gaitsway
65	1512941243230	-1.263	3.049	9.121	Gaitsway
66	1512941243240	-1.656	3.418	8.714	Gaitsway
67	1512941243250	-1.474	3.825	8.896	Gaitsway
68	1512941243261	-1.67	3.719	8.776	Gaitsway
69	1512941243270	-1.986	3.537	8.642	Gaitsway
70	1512941243280	-2.125	3.657	8.991	Gaitsway
71	1512941243290	-2.201	3.695	8.704	Gaitsway
72	1512941243301	-2.01	3.49	8.675	Gaitsway
73	1512941243311	-1.871	3.437	8.68	Gaitsway
74	1512941243321	-1.852	3.648	8.431	Gaitsway
75	1512941243331	-1.809	3.475	8.493	Gaitsway
76	1512941243341	-1.972	3.226	8.484	Gaitsway
77	1512941243351	-2.221	3.178	8.436	Gaitsway
78	1512941243362	-2.12	2.771	8.57	Gaitsway
79	1512941243372	-2.369	2.608	8.326	Gaitsway
80	1512941243382	-2.857	2.824	8.091	Gaitsway
81	1512941243392	-3.116	3.068	8.288	Gaitsway
82	1512941243402	-2.963	2.982	8.398	Gaitsway
83	1512941243413	-2.714	2.977	8.575	Gaitsway
84	1512941243423	-2.599	2.814	8.991	Gaitsway
85	1512941243433	-3.193	2.8	8.953	Gaitsway
86	1512941243443	-3.327	3.207	8.8	Gaitsway
87	1512941243453	-3.662	3.207	8.56	Gaitsway
88	1512941243463	-4.141	3.087	8	Gaitsway
89	1512941243472	-3.959	3.121	8.177	Gaitsway
90	1512941243482	-4.217	2.704	8.211	Gaitsway
91	1512941243492	-4.423	2.369	8.345	Gaitsway
92	1512941243502	-4.15	2.369	8.469	Gaitsway
93	1512941243513	-4.237	2.398	8.374	Gaitsway
94	1512941243522	-4.366	2.359	8.134	Gaitsway
95	1512941243533	-4.308	2.254	7.56	Gaitsway
96	1512941243543	-4.107	2.489	8.268	Gaitsway
97	1512941243553	-4.083	2.292	8.187	Gaitsway
98	1512941243563	-4.246	2.436	7.885	Gaitsway
99	1512941243573	-4.735	2.599	7.876	Gaitsway
100	1512941243583	-4.873	2.388	7.861	Gaitsway
101	1512941243593	-4.72	2.307	7.952	Gaitsway
102	1512941243603	-4.797	2.01	8.163	Gaitsway
103	1512941243613	-5.022	1.919	8.091	Gaitsway
104	1512941243623	-5.338	1.943	7.938	Gaitsway
105	1512941243633	-5.553	1.809	7.948	Gaitsway
106	1512941243643	-5.165	1.541	7.919	Gaitsway
107	1512941243653	-4.873	1.555	7.928	Gaitsway
108	1512941243663	-4.725	1.536	8.053	Gaitsway
109	1512941243673	-4.749	1.871	7.981	Gaitsway
110	1512941243684	-4.902	1.962	7.89	Gaitsway
111	1512941243694	-5.084	1.972	7.761	Gaitsway
112	1512941243704	-5.189	1.948	7.775	Gaitsway
113	1512941243714	-5.223	1.646	7.885	Gaitsway
114	1512941243724	-5.276	1.541	7.885	Gaitsway
115	1512941243734	-5.319	1.464	7.861	Gaitsway
116	1512941243744	-5.228	1.306	7.981	Gaitsway
117	1512941243754	-5.237	1.21	7.981	Gaitsway
118	1512941243764	-5.304	1.21	7.847	Gaitsway
119	1512941243774	-5.223	1.368	7.981	Gaitsway
120	1512941243784	-5.094	1.593	7.857	Gaitsway
121	1512941243795	-5.151	1.584	7.708	Gaitsway
122	1512941243805	-5.156	1.488	7.684	Gaitsway
123	1512941243815	-5.017	1.335	7.971	Gaitsway
124	1512941243825	-4.916	1.277	7.962	Gaitsway
125	1512941243835	-4.998	1.292	7.761	Gaitsway
126	1512941243845	-5.17	1.383	7.66	Gaitsway
127	1512941243855	-5.3	1.335	7.751	Gaitsway
128	1512941243865	-5.357	1.268	7.684	Gaitsway
129	1512941243875	-5.347	1.277	7.79	Gaitsway
130	1512941243885	-5.319	1.287	7.818	Gaitsway
131	1512941243895	-5.434	1.296	7.818	Gaitsway
132	1512941243905	-5.271	1.368	7.861	Gaitsway
133	1512941243916	-5.094	1.354	7.924	Gaitsway
134	1512941243926	-5.185	1.34	8.134	Gaitsway
135	1512941243937	-5.29	1.498	8.015	Gaitsway
136	1512941243947	-5.343	1.593	7.871	Gaitsway
137	1512941243957	-5.247	1.593	7.933	Gaitsway
138	1512941243967	-4.969	1.383	8.015	Gaitsway
139	1512941243977	-5.003	1.392	7.995	Gaitsway
140	1512941243987	-5.108	1.33	8.173	Gaitsway
141	1512941243997	-5.199	1.354	7.976	Gaitsway
142	1512941244007	-5.247	1.483	7.871	Gaitsway
143	1512941244017	-5.218	1.517	7.904	Gaitsway
144	1512941244028	-5.156	1.411	7.861	Gaitsway
145	1512941244038	-4.964	1.431	8.067	Gaitsway
146	1512941244048	-4.869	1.464	8.082	Gaitsway
147	1512941244058	-4.907	1.517	8.082	Gaitsway
148	1512941244068	-5.18	1.407	8.019	Gaitsway
149	1512941244077	-5.352	1.464	8.005	Gaitsway
150	1512941244088	-5.501	1.545	8.053	Gaitsway
151	1512941244098	-5.611	1.459	8.034	Gaitsway
152	1512941244108	-5.3	1.306	7.971	Gaitsway
153	1512941244118	-5.108	1.292	8.039	Gaitsway
154	1512941244128	-4.907	1.153	7.895	Gaitsway
155	1512941244138	-4.94	1.076	8.192	Gaitsway
156	1512941244148	-5.055	1.268	8.158	Gaitsway
157	1512941244158	-5.146	1.469	7.948	Gaitsway
158	1512941244169	-5.094	1.498	7.871	Gaitsway
159	1512941244178	-4.988	1.66	8.077	Gaitsway
160	1512941244189	-4.768	1.689	8.086	Gaitsway
161	1512941244198	-4.663	1.608	8.163	Gaitsway
162	1512941244209	-4.797	1.766	8.019	Gaitsway
163	1512941244219	-4.878	1.909	7.904	Gaitsway
164	1512941244229	-4.926	1.919	7.9	Gaitsway
165	1512941244239	-4.931	1.794	7.919	Gaitsway
166	1512941244249	-4.648	1.737	8.048	Gaitsway
167	1512941244259	-4.577	1.9	8.106	Gaitsway
168	1512941244269	-4.466	1.962	8.134	Gaitsway
169	1512941244279	-4.49	2.058	8.11	Gaitsway
170	1512941244289	-4.591	2.067	8.039	Gaitsway
171	1512941244299	-4.471	2.02	8.067	Gaitsway
172	1512941244310	-4.17	2.005	8.134	Gaitsway
173	1512941244320	-4.433	1.962	8.34	Gaitsway
174	1512941244330	-4.658	2.134	8.115	Gaitsway
175	1512941244340	-4.605	2.144	8.029	Gaitsway
176	1512941244350	-4.6	1.794	8.106	Gaitsway
177	1512941244360	-4.557	2.053	7.938	Gaitsway
178	1512941244370	-4.371	2.11	7.957	Gaitsway
179	1512941244380	-4.366	1.866	8.311	Gaitsway
180	1512941244390	-4.562	1.967	8.393	Gaitsway
181	1512941244400	-4.505	2.235	8.503	Gaitsway
182	1512941244410	-4.466	2.345	8.733	Gaitsway
183	1512941244421	-4.38	2.522	8.671	Gaitsway
184	1512941244430	-4.366	2.637	8.484	Gaitsway
185	1512941244440	-4.49	2.278	8.168	Gaitsway
186	1512941244450	-4.873	2.441	8.379	Gaitsway
187	1512941244461	-4.768	2.628	8.01	Gaitsway
188	1512941244471	-4.6	2.585	7.866	Gaitsway
189	1512941244481	-4.418	2.58	7.66	Gaitsway
190	1512941244491	-4.62	2.379	7.45	Gaitsway
191	1512941244500	-4.773	2.288	7.387	Gaitsway
192	1512941244511	-4.873	2.273	7.914	Gaitsway
193	1512941244521	-4.802	2.479	7.919	Gaitsway
194	1512941244531	-3.657	2.446	8.177	Gaitsway
195	1512941244540	-3.48	2.551	8.158	Gaitsway
196	1512941244550	-3.743	2.738	7.847	Gaitsway
197	1512941244560	-4.237	2.814	7.555	Gaitsway
198	1512941244570	-4.486	2.728	7.387	Gaitsway
199	1512941244580	-4.677	2.594	7.349	Gaitsway
200	1512941244591	-4.926	2.015	7.497	Gaitsway
201	1512941244600	-4.677	2.245	7.387	Gaitsway
202	1512941244611	-4.447	1.981	7.464	Gaitsway
203	1512941244621	-4.217	1.905	7.665	Gaitsway
204	1512941244631	-3.988	1.933	7.622	Gaitsway
205	1512941244641	-4.758	2.57	7.277	Gaitsway
206	1512941244651	-5.161	2.901	7.186	Gaitsway
207	1512941244661	-5.683	3.011	7.119	Gaitsway
208	1512941244671	-6.573	3.322	6.717	Gaitsway
209	1512941244681	-6.482	3.944	6.205	Gaitsway
210	1512941244691	-6.094	4.395	5.85	Gaitsway
211	1512941244702	-5.721	4.423	5.903	Gaitsway
212	1512941244712	-7.363	2.685	4.155	Gaitsway
213	1512941244721	-6.248	2.46	3.485	Gaitsway
214	1512941244731	-7.66	3.183	8.163	Gaitsway
215	1512941244742	-5.539	1.684	3.25	Gaitsway
216	1512941244752	-4.873	2.455	3.423	Gaitsway
217	1512941244762	-10.552	2.795	7.248	Gaitsway
218	1512941244772	-14.163	1.651	8.532	Gaitsway
219	1512941244782	-10.897	2.048	5.027	Gaitsway
220	1512941244792	-10.615	1.703	3.633	Gaitsway
221	1512941244802	-9.7	0.889	2.934	Gaitsway
222	1512941244812	-10.203	-0.176	1.957	Gaitsway
223	1512941244822	-9.437	0.411	1.383	Gaitsway
224	1512941244832	-8.69	1.024	1.225	Gaitsway
225	1512941244842	-7.895	2.589	0.717	Gaitsway
226	1512941244852	-6.382	5.175	-0.612	Gaitsway
227	1512941244863	-6.037	6.003	-1.603	Gaitsway
228	1512941244873	-6.688	6.75	-1.598	Gaitsway
229	1512941244883	-4.629	7.469	0.559	Gaitsway
230	1512941244893	-6.047	7.086	-0.573	Gaitsway
231	1512941244903	-16.466	4.605	-5.994	Gaitsway
232	1512941244913	-12.228	4.849	2.254	Gaitsway
233	1512941244923	-13.162	4.428	-1.545	Gaitsway
234	1512941244933	-15.35	4.634	-4.395	Gaitsway
235	1512941244943	-14.172	5.831	-8.053	Gaitsway
236	1512941244953	-7.627	9.6	-1.756	Gaitsway
237	1512941244963	-3.561	7.804	-1.526	Gaitsway
238	1512941244973	-2.829	6.401	-8.187	Gaitsway
239	1512941244983	-2.034	5.611	-7.823	Gaitsway
240	1512941244994	0.066	10.442	-11.735	Gaitsway
241	1512941245004	0.87	11.726	-6.564	Gaitsway
242	1512941245014	-1.024	11.802	-2.369	Gaitsway
243	1512941245024	-3.81	11.022	-1.45	Gaitsway
244	1512941245034	-3.111	9.963	-1.565	Gaitsway
245	1512941245044	-2.01	8.656	-1.794	Gaitsway
246	1512941245054	-1.158	7.354	-1.205	Gaitsway
247	1512941245064	-0.722	5.606	-3.418	Gaitsway
248	1512941245074	-0.042	5.922	-5.252	Gaitsway
249	1512941245084	1.703	5.946	-4.806	Gaitsway
250	1512941245094	3.542	6.003	-0.669	Gaitsway
251	1512941245104	3.446	6.161	0.731	Gaitsway
252	1512941245160	2.685	5.975	-0.636	Gaitsway
253	1512941245161	2.273	4.227	-10.126	Gaitsway
254	1512941245162	2.925	1.751	-7.79	Gaitsway
255	1512941245163	2.743	1.354	-6.008	Gaitsway
256	1512941245164	0.818	1.852	-1.344	Gaitsway
257	1512941245166	-1.052	2.719	4.854	Gaitsway
258	1512941245175	-0.861	2.656	6.832	Gaitsway
259	1512941245185	-0.698	2.292	7.253	Gaitsway
260	1512941245195	-0.956	2.47	6.798	Gaitsway
261	1512941245205	-4.28	4.916	0.842	Gaitsway
262	1512941245215	-5.74	6.018	-3.403	Gaitsway
263	1512941245226	-6.703	7.703	-6.458	Gaitsway
264	1512941245235	-6.147	12.712	-3.528	Gaitsway
265	1512941245245	-1.684	15.35	-2.225	Gaitsway
266	1512941245256	6.185	21.149	-1.603	Gaitsway
267	1512941245265	6.784	23.788	-4.38	Gaitsway
268	1512941245276	6.741	24.171	-0.478	Gaitsway
269	1512941245286	7.593	23.232	4.251	Gaitsway
270	1512941245296	6.545	20.44	2.264	Gaitsway
271	1512941245306	1.732	10.37	-3.93	Gaitsway
272	1512941245316	1.632	8.517	-4.404	Gaitsway
273	1512941245326	0.195	8.714	-3.451	Gaitsway
274	1512941245336	0.166	8.345	-3.734	Gaitsway
275	1512941245346	1.454	7.813	0.731	Gaitsway
276	1512941245356	0.779	8.139	1.656	Gaitsway
277	1512941245367	0.358	9.102	-0.119	Gaitsway
278	1512941245376	1.387	11.357	-1.052	Gaitsway
279	1512941245386	2.427	12.137	-0.521	Gaitsway
280	1512941245397	3.188	12.549	-0.257	Gaitsway
281	1512941245407	3.547	12.449	-0.928	Gaitsway
282	1512941245417	6.621	11.012	-5.204	Gaitsway
283	1512941245427	6.511	8.752	-3.068	Gaitsway
284	1512941245437	3.284	5.218	-0.703	Gaitsway
285	1512941245450	-1.004	4.208	-0.87	Gaitsway
286	1512941245457	-1.368	4.213	1.277	Gaitsway
287	1512941245467	-0.487	4.495	-1.038	Gaitsway
288	1512941245477	-1.565	5.419	-1.732	Gaitsway
289	1512941245487	-3.255	7.55	-2.087	Gaitsway
290	1512941245497	-1.249	9.997	-1.78	Gaitsway
291	1512941245508	0.363	11.898	-2.23	Gaitsway
292	1512941245517	-1.306	12.717	-2.067	Gaitsway
293	1512941245528	-2.326	12.429	-1.512	Gaitsway
294	1512941245538	-3.801	13.176	-4.102	Gaitsway
295	1512941245548	-3.03	13.33	-1.852	Gaitsway
296	1512941245558	-1	11.754	-0.368	Gaitsway
297	1512941245578	-0.396	11.515	-0.492	Gaitsway
298	1512941245579	0.521	10.682	-0.166	Gaitsway
299	1512941245588	0.348	8.79	0.171	Gaitsway
300	1512941245598	0.095	6.468	0.133	Gaitsway
301	1512941245618	2.604	6.952	-0.545	Gaitsway
302	1512941245619	2.728	9.839	-0.976	Gaitsway
303	1512941245628	2.254	13.119	-1.78	Gaitsway
304	1512941245638	0.095	13.421	-3.193	Gaitsway
305	1512941245648	-0.775	12.329	-4.442	Gaitsway
306	1512941245659	0.037	7.622	-4.442	Gaitsway
307	1512941245669	1.991	6.851	-2.551	Gaitsway
308	1512941245679	1.684	8.757	2.446	Gaitsway
309	1512941245689	1.541	8.508	0.468	Gaitsway
310	1512941245699	1.105	9.691	2.671	Gaitsway
311	1512941245709	0.636	10.562	1.33	Gaitsway
312	1512941245719	-0.075	10.457	0.142	Gaitsway
313	1512941245734	-0.353	10.95	-0.707	Gaitsway
314	1512941245739	1.11	11.386	-1.861	Gaitsway
315	1512941245749	0.387	9.724	-2.297	Gaitsway
316	1512941245759	-0.018	9.533	-1.809	Gaitsway
317	1512941245770	-0.219	9.489	-0.612	Gaitsway
318	1512941245780	-0.19	9.346	-0.296	Gaitsway
319	1512941245791	-0.171	9.202	-0.516	Gaitsway
320	1512941245800	0.066	9.432	-0.511	Gaitsway
321	1512941245810	0.123	9.863	-1.196	Gaitsway
322	1512941245820	0.037	9.853	-1.071	Gaitsway
323	1512941245830	-0.104	9.801	-1.153	Gaitsway
324	1512941245840	0.219	9.691	-1.162	Gaitsway
325	1512941245850	0.277	9.686	-1.119	Gaitsway
326	1512941245860	0.324	9.59	-1.1	Gaitsway
327	1512941245870	0.296	9.494	-1.148	Gaitsway
328	1512941245880	0.305	9.432	-1.11	Gaitsway
329	1512941245890	0.31	9.437	-1.028	Gaitsway
330	1512941245901	0.329	9.518	-0.952	Gaitsway
331	1512941245911	0.353	9.604	-0.947	Gaitsway
332	1512941245921	0.277	9.6	-1.014	Gaitsway
333	1512941245931	0.238	9.585	-1.062	Gaitsway
334	1512941245941	0.195	9.6	-1.067	Gaitsway
335	1512941245951	0.176	9.714	-0.88	Gaitsway
336	1512941245961	0.166	9.758	-0.789	Gaitsway
337	1512941245971	0.162	9.786	-0.707	Gaitsway
338	1512941245982	0.209	9.815	-0.736	Gaitsway
339	1512941245991	0.229	9.767	-0.755	Gaitsway
340	1512941246001	0.248	9.714	-0.789	Gaitsway
341	1512941246012	0.281	9.676	-0.827	Gaitsway
342	1512941246022	0.382	9.676	-0.846	Gaitsway
343	1512941246032	0.396	9.7	-0.842	Gaitsway
344	1512941246042	0.42	9.743	-0.846	Gaitsway
345	1512941246052	0.415	9.758	-0.875	Gaitsway
346	1512941246062	0.42	9.748	-0.851	Gaitsway
347	1512941246072	0.435	9.734	-0.813	Gaitsway
348	1512941246082	0.377	9.638	-0.913	Gaitsway
349	1512941246092	0.229	9.561	-1.076	Gaitsway
350	1512941246102	0.2	9.494	-1.115	Gaitsway
351	1512941246113	0.19	9.451	-1.052	Gaitsway
352	1512941246123	0.128	9.403	-1.124	Gaitsway
353	1512941246133	0.123	9.365	-1.134	Gaitsway
354	1512941246143	0.176	9.355	-1.162	Gaitsway
355	1512941246153	0.224	9.303	-1.105	Gaitsway
356	1512941246163	0.348	9.24	-1.205	Gaitsway
357	1512941246173	0.549	9.193	-1.162	Gaitsway
358	1512941246183	0.66	9.106	-1.177	Gaitsway
359	1512941246194	0.813	8.967	-1.196	Gaitsway
360	1512941246204	0.856	8.958	-1.186	Gaitsway
361	1512941246214	0.889	8.896	-1.234	Gaitsway
362	1512941246224	0.956	8.924	-1.234	Gaitsway
363	1512941246234	1.239	8.896	-1.158	Gaitsway
364	1512941246244	1.373	8.924	-1.071	Gaitsway
365	1512941246254	1.55	8.963	-0.885	Gaitsway
366	1512941246264	1.751	9.279	-0.693	Gaitsway
367	1512941246274	1.78	9.48	-0.727	Gaitsway
368	1512941246284	1.775	9.777	-0.746	Gaitsway
369	1512941246294	1.656	10.141	-0.827	Gaitsway
370	1512941246304	1.268	10.696	-1.105	Gaitsway
371	1512941246314	1.095	10.878	-1.143	Gaitsway
372	1512941246325	0.894	10.912	-1.167	Gaitsway
373	1512941246334	0.751	10.706	-1.043	Gaitsway
374	1512941246345	0.818	10.557	-1.057	Gaitsway
375	1512941246354	0.913	10.399	-1.052	Gaitsway
376	1512941246365	1.004	10.203	-0.971	Gaitsway
377	1512941246375	1.229	9.916	-0.837	Gaitsway
378	1512941246385	1.258	9.724	-0.794	Gaitsway
379	1512941246396	1.244	9.489	-0.789	Gaitsway
380	1512941246405	1.205	9.106	-0.899	Gaitsway
381	1512941246416	1.244	9.006	-0.947	Gaitsway
382	1512941246426	1.301	8.924	-0.889	Gaitsway
383	1512941246436	1.421	8.79	-0.837	Gaitsway
384	1512941246446	1.526	8.963	-0.765	Gaitsway
385	1512941246456	1.541	9.121	-0.727	Gaitsway
386	1512941246466	1.608	9.173	-0.751	Gaitsway
387	1512941246476	1.852	9.116	-0.822	Gaitsway
388	1512941246486	2.077	9.049	-0.851	Gaitsway
389	1512941246496	2.23	9.001	-0.913	Gaitsway
390	1512941246506	2.369	8.982	-0.923	Gaitsway
391	1512941246516	2.671	9.001	-1.009	Gaitsway
392	1512941246527	2.743	9.121	-1.019	Gaitsway
393	1512941246537	2.8	9.216	-0.971	Gaitsway
394	1512941246547	2.57	9.47	-0.985	Gaitsway
395	1512941246557	2.336	9.437	-1.091	Gaitsway
396	1512941246567	2.082	9.418	-1.229	Gaitsway
397	1512941246576	1.871	9.298	-1.282	Gaitsway
398	1512941246587	1.464	8.929	-1.32	Gaitsway
399	1512941246597	1.354	8.695	-1.287	Gaitsway
400	1512941246607	1.234	8.455	-1.225	Gaitsway
401	1512941246617	1.091	8.168	-0.99	Gaitsway
402	1512941246627	1.086	8.13	-0.789	Gaitsway
403	1512941246637	1.095	8.192	-0.669	Gaitsway
404	1512941246647	1	8.326	-0.621	Gaitsway
405	1512941246657	0.674	8.766	-0.832	Gaitsway
406	1512941246667	0.449	9.039	-0.894	Gaitsway
407	1512941246677	0.291	9.207	-0.961	Gaitsway
408	1512941246687	0.296	9.116	-0.99	Gaitsway
409	1512941246697	0.53	9.973	-0.789	Gaitsway
410	1512941246707	0.602	10.174	-0.789	Gaitsway
411	1512941246717	0.511	10.232	-0.736	Gaitsway
412	1512941246727	0.387	10.533	-0.851	Gaitsway
413	1512941246738	0.339	10.6	-0.913	Gaitsway
414	1512941246748	0.377	10.715	-0.971	Gaitsway
415	1512941246758	0.363	10.768	-1.076	Gaitsway
416	1512941246768	0.358	10.734	-1	Gaitsway
417	1512941246778	0.396	10.619	-0.971	Gaitsway
418	1512941246788	0.411	10.471	-0.803	Gaitsway
419	1512941246798	0.712	10.093	-0.243	Gaitsway
420	1512941246808	0.899	9.959	0.032	Gaitsway
421	1512941246818	1.153	9.82	0.205	Gaitsway
422	1512941246828	1.325	9.753	0.286	Gaitsway
423	1512941246838	2.029	9.829	-0.2	Gaitsway
424	1512941246849	2.652	10.275	-0.808	Gaitsway
425	1512941246859	3.226	10.969	-1.589	Gaitsway
426	1512941246869	2.757	11.697	-2.264	Gaitsway
427	1512941246879	2.608	11.888	-2.747	Gaitsway
428	1512941246889	2.771	11.917	-3.102	Gaitsway
429	1512941246899	3.106	11.726	-3.408	Gaitsway
430	1512941246909	4.074	11.161	-3.83	Gaitsway
431	1512941246920	4.356	11.175	-3.853	Gaitsway
432	1512941246930	4.347	11.199	-3.758	Gaitsway
433	1512941246940	3.887	10.576	-3.255	Gaitsway
434	1512941246950	3.408	9.782	-3.059	Gaitsway
435	1512941246960	2.905	8.896	-2.872	Gaitsway
436	1512941246970	2.379	8.216	-2.518	Gaitsway
437	1512941246980	1.771	7.306	-2.154	Gaitsway
438	1512941246990	1.665	7.033	-2.23	Gaitsway
439	1512941247000	1.569	6.861	-2.283	Gaitsway
440	1512941247011	1.354	6.894	-2.532	Gaitsway
441	1512941247023	1.172	7.033	-2.853	Gaitsway
442	1512941247031	0.846	7.205	-3.063	Gaitsway
443	1512941247041	0.344	7.263	-3.26	Gaitsway
444	1512941247051	-0.42	7.459	-3.734	Gaitsway
445	1512941247061	-0.612	7.641	-3.954	Gaitsway
446	1512941247071	-0.645	7.89	-4.165	Gaitsway
447	1512941247081	-0.334	8.556	-4.404	Gaitsway
448	1512941247091	0.042	8.9	-4.351	Gaitsway
449	1512941247101	0.358	9.269	-4.093	Gaitsway
450	1512941247112	0.674	9.604	-3.873	Gaitsway
451	1512941247121	1.229	10.136	-3.523	Gaitsway
452	1512941247132	1.392	10.184	-3.518	Gaitsway
453	1512941247141	1.584	10.121	-3.604	Gaitsway
454	1512941247152	1.617	9.92	-3.633	Gaitsway
455	1512941247162	1.411	9.777	-3.475	Gaitsway
456	1512941247172	1.34	9.791	-3.413	Gaitsway
457	1512941247182	1.115	9.686	-3.312	Gaitsway
458	1512941247192	0.736	9.509	-3.083	Gaitsway
459	1512941247202	0.573	9.36	-2.905	Gaitsway
460	1512941247212	0.516	9.202	-2.699	Gaitsway
461	1512941247222	0.588	8.718	-2.288	Gaitsway
462	1512941247232	0.645	8.508	-2.072	Gaitsway
463	1512941247242	0.693	8.374	-1.881	Gaitsway
464	1512941247253	0.707	8.359	-1.823	Gaitsway
465	1512941247262	0.516	8.594	-1.823	Gaitsway
466	1512941247273	0.368	8.752	-1.991	Gaitsway
467	1512941247283	0.339	8.953	-2.053	Gaitsway
468	1512941247293	0.291	9.149	-2.206	Gaitsway
469	1512941247303	0.233	9.154	-2.139	Gaitsway
470	1512941247313	0.2	9.269	-2.058	Gaitsway
471	1512941247323	0.186	9.13	-2.13	Gaitsway
472	1512941247333	0.209	9.188	-1.742	Gaitsway
473	1512941247343	0.2	9.216	-1.665	Gaitsway
474	1512941247353	0.195	9.226	-1.55	Gaitsway
475	1512941247363	0.157	9.121	-1.373	Gaitsway
476	1512941247373	0.152	9.106	-1.311	Gaitsway
477	1512941247383	0.123	9.049	-1.244	Gaitsway
478	1512941247394	0.166	8.972	-1.239	Gaitsway
479	1512941247404	0.315	8.853	-1.21	Gaitsway
480	1512941247414	0.458	8.771	-1.158	Gaitsway
481	1512941247424	0.64	8.68	-1.124	Gaitsway
482	1512941247434	0.775	8.436	-0.727	Gaitsway
483	1512941247444	0.784	8.374	-0.798	Gaitsway
484	1512941247454	0.707	8.441	-0.827	Gaitsway
485	1512941247464	0.554	8.431	-0.779	Gaitsway
486	1512941247474	0.329	8.489	-0.794	Gaitsway
487	1512941247484	0.329	8.441	-0.846	Gaitsway
488	1512941247495	0.277	8.46	-1	Gaitsway
489	1512941247505	0.296	8.79	-1.435	Gaitsway
490	1512941247515	0.281	8.853	-1.703	Gaitsway
491	1512941247525	0.31	9.011	-2.067	Gaitsway
492	1512941247535	0.396	9.317	-2.24	Gaitsway
493	1512941247545	0.842	9.82	-1.847	Gaitsway
494	1512941247555	1.038	9.987	-1.469	Gaitsway
495	1512941247565	0.875	10.078	-1.34	Gaitsway
496	1512941247575	0.099	10.131	-1.435	Gaitsway
497	1512941247585	-0.296	10.232	-1.335	Gaitsway
498	1512941247595	-0.679	10.27	-1.196	Gaitsway
499	1512941247605	-1.34	10.28	-1.344	Gaitsway
500	1512941247615	-1.771	11.204	-3.815	Gaitsway
501	1512941247625	-0.856	12.133	-3.327	Gaitsway
502	1512941247635	-0.866	13.028	-2.551	Gaitsway
503	1512941247645	-1.498	14.24	-3.317	Gaitsway
504	1512941247656	-1.162	14.158	-3.025	Gaitsway
505	1512941247665	-1.387	13.89	-2.661	Gaitsway
506	1512941247675	-1.972	13.531	-3.351	Gaitsway
507	1512941247685	-1.598	12.731	-4.605	Gaitsway
508	1512941247695	-1.191	12.133	-4.462	Gaitsway
509	1512941247705	-0.784	11.381	-4.17	Gaitsway
510	1512941247716	0.133	9.772	-3.93	Gaitsway
511	1512941247726	0.152	8.996	-3.801	Gaitsway
512	1512941247736	0.109	8.288	-3.667	Gaitsway
513	1512941247746	0.032	7.531	-3.389	Gaitsway
514	1512941247756	0.099	6.679	-2.79	Gaitsway
515	1512941247766	0.176	6.415	-2.623	Gaitsway
516	1512941247776	0.257	6.19	-2.747	Gaitsway
517	1512941247786	0.31	5.951	-2.996	Gaitsway
518	1512941247796	0.569	5.97	-3.868	Gaitsway
519	1512941247806	0.856	6.061	-4.155	Gaitsway
520	1512941247817	1.205	6.41	-4.332	Gaitsway
521	1512941247827	1.775	7.282	-4.347	Gaitsway
522	1512941247837	1.833	7.861	-4.375	Gaitsway
523	1512941247847	1.828	8.58	-4.332	Gaitsway
524	1512941247857	1.699	9.284	-4.304	Gaitsway
525	1512941247867	1.474	10.385	-4.117	Gaitsway
526	1512941247876	1.239	10.725	-4.069	Gaitsway
527	1512941247887	0.947	10.926	-3.906	Gaitsway
528	1512941247897	0.482	10.73	-3.863	Gaitsway
529	1512941247907	0.257	10.495	-3.983	Gaitsway
530	1512941247917	0.114	10.337	-4.026	Gaitsway
531	1512941247928	-0.051	10.107	-4.031	Gaitsway
532	1512941247938	-0.526	9.825	-3.758	Gaitsway
533	1512941247948	-0.506	9.705	-3.782	Gaitsway
534	1512941247958	-0.506	9.351	-3.657	Gaitsway
535	1512941247968	-0.382	8.991	-3.37	Gaitsway
536	1512941247978	-0.186	8.838	-3.169	Gaitsway
537	1512941247988	0.181	8.623	-2.982	Gaitsway
538	1512941247999	0.344	8.369	-2.68	Gaitsway
539	1512941248009	0.655	8.072	-2.608	Gaitsway
540	1512941248019	0.808	7.995	-2.618	Gaitsway
541	1512941248028	0.889	7.881	-2.652	Gaitsway
542	1512941248039	0.976	7.761	-2.618	Gaitsway
543	1512941248049	1.019	7.78	-2.561	Gaitsway
544	1512941248059	1.21	7.9	-2.527	Gaitsway
545	1512941248069	1.392	8.019	-2.431	Gaitsway
546	1512941248079	1.703	8.379	-2.441	Gaitsway
547	1512941248089	1.838	8.508	-2.374	Gaitsway
548	1512941248099	1.881	8.637	-2.211	Gaitsway
549	1512941248109	1.565	8.915	-2.048	Gaitsway
550	1512941248120	1.411	8.9	-1.991	Gaitsway
551	1512941248129	1.344	8.829	-1.905	Gaitsway
552	1512941248140	1.32	8.781	-1.804	Gaitsway
553	1512941248149	1.038	8.618	-1.459	Gaitsway
554	1512941248160	0.909	8.498	-1.258	Gaitsway
555	1512941248169	0.813	8.388	-1.076	Gaitsway
556	1512941248180	0.712	8.311	-0.928	Gaitsway
557	1512941248190	0.813	8.374	-0.947	Gaitsway
558	1512941248200	0.866	8.407	-0.961	Gaitsway
559	1512941248210	0.875	8.455	-1.004	Gaitsway
560	1512941248220	0.851	8.628	-0.856	Gaitsway
561	1512941248230	0.808	8.685	-0.866	Gaitsway
562	1512941248240	0.803	8.709	-0.933	Gaitsway
563	1512941248250	0.808	8.733	-1.119	Gaitsway
564	1512941248260	0.851	8.92	-1.277	Gaitsway
565	1512941248271	0.889	9.058	-1.344	Gaitsway
566	1512941248281	0.918	9.422	-1.344	Gaitsway
567	1512941248290	0.885	10.098	-1.641	Gaitsway
568	1512941248301	0.636	10.394	-1.713	Gaitsway
569	1512941248311	0.209	10.61	-1.689	Gaitsway
570	1512941248321	-0.42	10.845	-1.33	Gaitsway
571	1512941248331	-0.411	10.854	-1.028	Gaitsway
572	1512941248341	-0.123	10.892	-0.693	Gaitsway
573	1512941248351	0.463	10.955	-0.602	Gaitsway
574	1512941248361	2.527	12.161	-2.211	Gaitsway
575	1512941248371	2.589	13.22	-2.307	Gaitsway
576	1512941248382	2.331	14.249	-2.249	Gaitsway
577	1512941248392	2.508	14.244	-3.159	Gaitsway
578	1512941248401	2.647	13.521	-3.513	Gaitsway
579	1512941248412	2.824	12.995	-3.581	Gaitsway
580	1512941248422	3.604	12.822	-3.753	Gaitsway
581	1512941248432	4.146	11.673	-3.274	Gaitsway
582	1512941248442	3.49	10.605	-3.083	Gaitsway
583	1512941248452	3.207	9.403	-3.226	Gaitsway
584	1512941248462	2.905	7.344	-2.551	Gaitsway
585	1512941248472	2.556	6.525	-2.192	Gaitsway
586	1512941248482	2.163	6.051	-2.02	Gaitsway
587	1512941248493	1.814	6.094	-1.986	Gaitsway
588	1512941248502	1.22	6.387	-2.446	Gaitsway
589	1512941248512	0.909	6.511	-2.848	Gaitsway
590	1512941248524	0.573	6.497	-3.169	Gaitsway
591	1512941248533	-0.238	6.64	-3.643	Gaitsway
592	1512941248543	-0.396	7.186	-4.045	Gaitsway
593	1512941248553	-0.3	7.684	-4.241	Gaitsway
594	1512941248563	0.056	8	-4.318	Gaitsway
595	1512941248573	0.971	8.422	-4.232	Gaitsway
596	1512941248583	1.426	8.58	-4.141	Gaitsway
597	1512941248593	1.823	8.738	-3.906	Gaitsway
598	1512941248603	2.12	9.025	-3.274	Gaitsway
599	1512941248613	2.091	9.207	-3.197	Gaitsway
600	1512941248623	1.924	9.331	-3.394	Gaitsway
601	1512941248633	1.766	9.384	-3.676	Gaitsway
602	1512941248643	1.493	9.499	-4.011	Gaitsway
603	1512941248653	1.363	9.609	-3.868	Gaitsway
604	1512941248663	1.277	9.609	-3.753	Gaitsway
605	1512941248673	1.407	9.537	-3.437	Gaitsway
606	1512941248683	1.459	9.533	-3.169	Gaitsway
607	1512941248694	1.627	9.556	-3.015	Gaitsway
608	1512941248704	1.723	9.48	-2.805	Gaitsway
609	1512941248714	1.383	9.509	-2.69	Gaitsway
610	1512941248724	1.34	9.149	-2.723	Gaitsway
611	1512941248734	1.273	8.853	-2.747	Gaitsway
612	1512941248744	1.11	8.642	-2.757	Gaitsway
613	1512941248754	0.88	8.446	-2.441	Gaitsway
614	1512941248764	0.751	8.436	-2.345	Gaitsway
615	1512941248774	0.578	8.484	-2.206	Gaitsway
616	1512941248785	0.396	8.604	-1.866	Gaitsway
617	1512941248794	0.358	8.671	-1.809	Gaitsway
618	1512941248805	0.238	8.752	-1.775	Gaitsway
619	1512941248815	0.19	8.814	-1.68	Gaitsway
620	1512941248825	0.257	9.03	-1.402	Gaitsway
621	1512941248835	0.396	9.14	-1.196	Gaitsway
622	1512941248845	0.655	9.169	-1.277	Gaitsway
623	1512941248855	0.885	9.001	-1.287	Gaitsway
624	1512941248865	0.947	8.896	-1.301	Gaitsway
625	1512941248875	0.961	8.671	-1.162	Gaitsway
626	1512941248885	0.956	8.465	-1.119	Gaitsway
627	1512941248896	0.956	8.244	-0.875	Gaitsway
628	1512941248906	0.894	8.297	-0.712	Gaitsway
629	1512941248916	0.775	8.302	-0.669	Gaitsway
630	1512941248926	0.631	8.335	-0.549	Gaitsway
631	1512941248936	0.439	8.484	-0.693	Gaitsway
632	1512941248946	0.329	8.685	-0.827	Gaitsway
633	1512941248956	0.224	8.91	-0.875	Gaitsway
634	1512941248966	0.123	9.47	-0.588	Gaitsway
635	1512941248976	0.291	9.662	-1.071	Gaitsway
636	1512941248986	0.291	9.571	-1.641	Gaitsway
637	1512941248996	0.085	10.198	-2.173	Gaitsway
638	1512941249007	0.3	10.337	-2.024	Gaitsway
639	1512941249017	0.822	10.394	-1.541	Gaitsway
640	1512941249027	1.244	10.423	-0.856	Gaitsway
641	1512941249037	1.009	10.667	-0.463	Gaitsway
642	1512941249047	0.554	10.72	-0.492	Gaitsway
643	1512941249057	0.243	10.691	-0.458	Gaitsway
644	1512941249067	-0.324	10.26	-0.133	Gaitsway
645	1512941249077	-1.612	10.021	-0.186	Gaitsway
646	1512941249087	-2.316	10.37	-2.383	Gaitsway
647	1512941249097	-0.918	10.864	-3.82	Gaitsway
648	1512941249107	-0.224	12.908	-2.498	Gaitsway
649	1512941249117	-0.133	13.627	-2.719	Gaitsway
650	1512941249127	0.219	13.78	-2.867	Gaitsway
651	1512941249137	-0.933	13.258	-3.221	Gaitsway
652	1512941249148	-2.182	12.865	-3.959	Gaitsway
653	1512941249158	-2.455	12.372	-4.897	Gaitsway
654	1512941249168	-1.9	11.836	-4.993	Gaitsway
655	1512941249177	-0.827	10.351	-4.131	Gaitsway
656	1512941249188	-0.669	9.365	-4.313	Gaitsway
657	1512941249198	-0.463	8.493	-4.447	Gaitsway
658	1512941249208	0.209	6.798	-4.155	Gaitsway
659	1512941249218	0.42	6.262	-3.988	Gaitsway
660	1512941249228	0.573	5.941	-4.035	Gaitsway
661	1512941249238	0.885	5.731	-4.011	Gaitsway
662	1512941249248	1.636	5.663	-3.944	Gaitsway
663	1512941249258	1.924	5.822	-3.978	Gaitsway
664	1512941249269	2.297	6.066	-4.007	Gaitsway
665	1512941249279	2.307	7.019	-4.011	Gaitsway
666	1512941249288	1.938	7.387	-4.083	Gaitsway
667	1512941249299	1.522	7.679	-4.213	Gaitsway
668	1512941249309	0.99	8.283	-4.064	Gaitsway
669	1512941249319	0.229	9.03	-3.844	Gaitsway
670	1512941249329	0.004	9.513	-3.624	Gaitsway
671	1512941249339	-0.277	9.935	-3.547	Gaitsway
672	1512941249349	-0.387	10.131	-3.609	Gaitsway
673	1512941249359	-0.545	10.021	-3.633	Gaitsway
674	1512941249369	-0.746	9.887	-3.801	Gaitsway
675	1512941249379	-0.751	9.782	-3.949	Gaitsway
676	1512941249389	-0.688	9.748	-3.724	Gaitsway
677	1512941249399	-0.698	9.815	-3.614	Gaitsway
678	1512941249409	-0.607	9.872	-3.585	Gaitsway
679	1512941249419	-0.281	9.719	-3.504	Gaitsway
680	1512941249430	-0.205	9.619	-3.466	Gaitsway
681	1512941249440	0.075	9.513	-3.427	Gaitsway
682	1512941249450	0.233	9.571	-3.102	Gaitsway
683	1512941249460	0.923	9.236	-2.79	Gaitsway
684	1512941249472	1.249	9.068	-2.618	Gaitsway
685	1512941249480	1.483	8.934	-2.46	Gaitsway
686	1512941249490	1.785	8.824	-2.427	Gaitsway
687	1512941249500	1.823	8.795	-2.494	Gaitsway
688	1512941249510	1.68	8.762	-2.431	Gaitsway
689	1512941249520	1.478	8.723	-2.35	Gaitsway
690	1512941249530	1.071	8.517	-2.182	Gaitsway
691	1512941249540	0.995	8.584	-2.283	Gaitsway
692	1512941249550	1.033	8.709	-2.158	Gaitsway
693	1512941249561	1.124	8.714	-1.967	Gaitsway
694	1512941249571	1.105	8.786	-1.512	Gaitsway
695	1512941249581	0.966	8.771	-1.33	Gaitsway
696	1512941249591	0.861	8.723	-1.205	Gaitsway
697	1512941249600	0.707	8.498	-1.095	Gaitsway
698	1512941249611	0.684	8.34	-1.052	Gaitsway
699	1512941249621	0.674	8.187	-0.952	Gaitsway
700	1512941249631	0.717	8.101	-0.77	Gaitsway
701	1512941249641	0.698	7.914	-0.612	Gaitsway
702	1512941249650	0.784	7.914	-0.731	Gaitsway
703	1512941249661	0.87	7.952	-0.837	Gaitsway
704	1512941249671	1.057	8.11	-1.311	Gaitsway
705	1512941249681	1.009	8.283	-1.416	Gaitsway
706	1512941249691	0.956	8.493	-1.378	Gaitsway
707	1512941249701	0.875	8.709	-1.45	Gaitsway
708	1512941249711	0.971	9.379	-1.838	Gaitsway
709	1512941249721	0.885	9.758	-1.56	Gaitsway
710	1512941249732	0.679	10.126	-1.622	Gaitsway
711	1512941249742	0.219	11.041	-1.651	Gaitsway
712	1512941249752	0.19	11.395	-1.608	Gaitsway
713	1512941249761	0.257	11.659	-1.56	Gaitsway
714	1512941249772	0.693	11.893	-1.79	Gaitsway
715	1512941249782	2.393	12.822	-3.978	Gaitsway
716	1512941249792	2.474	13.411	-3.499	Gaitsway
717	1512941249802	2.728	13.938	-3.255	Gaitsway
718	1512941249812	2.944	14.23	-3.552	Gaitsway
719	1512941249822	2.68	13.914	-3.877	Gaitsway
720	1512941249832	2.781	13.133	-4.17	Gaitsway
721	1512941249842	3.159	12.918	-4.184	Gaitsway
722	1512941249853	3.106	12.104	-3.523	Gaitsway
723	1512941249863	2.752	11.117	-3.154	Gaitsway
724	1512941249873	2.532	9.978	-2.79	Gaitsway
725	1512941249883	2.297	7.56	-2.024	Gaitsway
726	1512941249893	2.23	6.621	-1.603	Gaitsway
727	1512941249903	2.053	5.927	-1.378	Gaitsway
728	1512941249913	1.79	5.501	-1.349	Gaitsway
729	1512941249923	1.344	5.491	-1.363	Gaitsway
730	1512941249934	0.966	5.62	-1.493	Gaitsway
731	1512941249943	0.549	5.659	-1.737	Gaitsway
732	1512941249954	-0.162	5.965	-3.078	Gaitsway
733	1512941249964	-0.329	6.425	-3.695	Gaitsway
734	1512941249974	-0.406	7.143	-4.035	Gaitsway
735	1512941249984	-0.305	7.967	-4.328	Gaitsway
736	1512941249994	0.229	9.068	-4.763	Gaitsway
737	1512941250004	0.736	9.36	-4.744	Gaitsway
738	1512941250014	1.277	9.547	-4.548	Gaitsway
739	1512941250024	1.905	10.002	-3.739	Gaitsway
740	1512941250034	1.957	10.16	-3.513	Gaitsway
741	1512941250044	1.89	10.208	-3.389	Gaitsway
742	1512941250055	1.823	10.002	-3.274	Gaitsway
743	1512941250064	1.526	9.542	-3.499	Gaitsway
744	1512941250075	1.536	9.403	-3.49	Gaitsway
745	1512941250085	1.632	9.231	-3.437	Gaitsway
746	1512941250095	1.536	9.121	-3.341	Gaitsway
747	1512941250105	1.445	9.197	-3.346	Gaitsway
748	1512941250115	1.512	9.116	-3.188	Gaitsway
749	1512941250125	1.603	9.015	-3.035	Gaitsway
750	1512941250135	1.818	8.527	-2.905	Gaitsway
751	1512941250145	1.986	8.311	-2.901	Gaitsway
752	1512941250155	2.087	8.12	-2.757	Gaitsway
753	1512941250165	2.077	7.952	-2.537	Gaitsway
754	1512941250175	1.818	8.053	-2.427	Gaitsway
755	1512941250185	1.421	8.278	-2.422	Gaitsway
756	1512941250195	0.933	8.666	-2.508	Gaitsway
757	1512941250205	0.257	9.197	-2.551	Gaitsway
758	1512941250216	0.051	9.427	-2.556	Gaitsway
759	1512941250226	-0.2	9.762	-2.503	Gaitsway
760	1512941250236	-0.458	10.083	-2.34	Gaitsway
761	1512941250245	-0.497	10.059	-2.216	Gaitsway
762	1512941250255	-0.53	9.954	-2.101	Gaitsway
763	1512941250266	-0.42	9.849	-2.106	Gaitsway
764	1512941250276	-0.099	9.561	-1.933	Gaitsway
765	1512941250286	0.123	9.451	-1.929	Gaitsway
766	1512941250297	0.391	9.236	-1.871	Gaitsway
767	1512941250307	0.875	8.977	-1.818	Gaitsway
768	1512941250316	1.033	8.9	-1.79	Gaitsway
769	1512941250326	1.081	8.757	-1.555	Gaitsway
770	1512941250337	1.043	8.747	-1.407	Gaitsway
771	1512941250347	0.664	8.91	-1.44	Gaitsway
772	1512941250357	0.415	9.082	-1.522	Gaitsway
773	1512941250367	0.257	9.274	-1.612	Gaitsway
774	1512941250377	0.114	9.609	-1.589	Gaitsway
775	1512941250387	0.037	9.695	-1.569	Gaitsway
776	1512941250398	-0.032	9.58	-1.713	Gaitsway
777	1512941250408	0.109	9.782	-1.814	Gaitsway
778	1512941250417	0.028	10.05	-1.656	Gaitsway
779	1512941250427	0.104	10.203	-1.498	Gaitsway
780	1512941250437	0.157	10.303	-1.273	Gaitsway
781	1512941250448	0.425	10.471	-1.311	Gaitsway
782	1512941250458	0.406	10.399	-1.387	Gaitsway
783	1512941250468	0.31	10.347	-1.478	Gaitsway
784	1512941250478	0.286	10.179	-1.522	Gaitsway
785	1512941250488	0.358	9.638	-1.296	Gaitsway
786	1512941250498	0.31	9.312	-1.196	Gaitsway
787	1512941250508	0.128	9.054	-1.21	Gaitsway
788	1512941250518	-0.473	8.781	-1.507	Gaitsway
789	1512941250528	-0.54	8.809	-1.881	Gaitsway
790	1512941250539	-0.468	8.991	-2.01	Gaitsway
791	1512941250548	-0.693	9.298	-2.015	Gaitsway
792	1512941250558	-1.081	10.289	-2.896	Gaitsway
793	1512941250568	-1.004	10.955	-3.322	Gaitsway
794	1512941250578	-0.875	11.4	-3.47	Gaitsway
795	1512941250589	-0.952	11.558	-3.509	Gaitsway
796	1512941250599	-0.315	10.691	-2.714	Gaitsway
797	1512941250608	0.703	10.184	-3.073	Gaitsway
798	1512941250618	-1.416	9.25	-3.662	Gaitsway
799	1512941250629	0.19	8.489	-1.809	Gaitsway
800	1512941250639	0.018	7.957	-1.881	Gaitsway
801	1512941250651	0.099	7.708	-2.302	Gaitsway
802	1512941250659	0.291	7.306	-2.551	Gaitsway
803	1512941250669	0.358	6.602	-3.035	Gaitsway
804	1512941250679	0.731	6.396	-3.284	Gaitsway
805	1512941250689	1.086	6.353	-3.169	Gaitsway
806	1512941250699	1.411	7.019	-2.336	Gaitsway
807	1512941250709	1.239	7.536	-1.871	Gaitsway
808	1512941250719	1.019	8.086	-1.579	Gaitsway
809	1512941250729	0.454	8.795	-1.541	Gaitsway
810	1512941250739	-0.53	9.844	-2.819	Gaitsway
811	1512941250749	-0.502	10.16	-2.872	Gaitsway
812	1512941250760	-0.305	10.509	-2.953	Gaitsway
813	1512941250769	-0.621	9.829	-3.394	Gaitsway
814	1512941250780	-1.129	9.671	-3.451	Gaitsway
815	1512941250790	-0.564	9.834	-3.389	Gaitsway
816	1512941250800	0.028	10.203	-2.877	Gaitsway
817	1512941250810	0.564	10.39	-3.087	Gaitsway
818	1512941250820	1	10.691	-2.982	Gaitsway
819	1512941250830	1.421	11.161	-3.135	Gaitsway
820	1512941250840	1.871	11.252	-3.049	Gaitsway
821	1512941250850	1.589	10.677	-3.643	Gaitsway
822	1512941250860	1.1	10.232	-3.595	Gaitsway
823	1512941250871	0.779	9.973	-3.341	Gaitsway
824	1512941250881	0.363	9.71	-2.829	Gaitsway
825	1512941250891	0.358	9.365	-2.508	Gaitsway
826	1512941250900	0.492	9.02	-2.278	Gaitsway
827	1512941250911	0.66	9.001	-2.23	Gaitsway
828	1512941250921	0.521	8.972	-2.254	Gaitsway
829	1512941250931	0.401	8.944	-2.259	Gaitsway
830	1512941250941	0.382	8.953	-2.321	Gaitsway
831	1512941250952	0.238	9.159	-2.182	Gaitsway
832	1512941250962	0.353	9.432	-2.101	Gaitsway
833	1512941250971	0.406	9.992	-2.12	Gaitsway
834	1512941250981	0.095	11.074	-1.981	Gaitsway
835	1512941250992	0.162	11.003	-1.794	Gaitsway
836	1512941251002	0.085	10.73	-1.359	Gaitsway
837	1512941251012	0.382	10.351	-1.292	Gaitsway
838	1512941251022	0.344	11.185	-1.818	Gaitsway
839	1512941251032	-0.458	11.673	-1.641	Gaitsway
840	1512941251042	-0.866	11.663	-1.612	Gaitsway
841	1512941251053	-1.105	12.592	-1.847	Gaitsway
842	1512941251063	-1.086	12.913	-2.144	Gaitsway
843	1512941251073	-0.995	13.2	-2.388	Gaitsway
844	1512941251083	-1.282	13.129	-2.814	Gaitsway
845	1512941251092	-0.923	12.109	-2.273	Gaitsway
846	1512941251102	-0.621	11.515	-1.708	Gaitsway
847	1512941251113	-0.818	10.758	-1.545	Gaitsway
848	1512941251124	-0.095	11.07	-1.723	Gaitsway
849	1512941251133	1.172	11.419	-2.058	Gaitsway
850	1512941251143	0.018	10.754	-1.431	Gaitsway
851	1512941251153	0.142	11.625	-1.186	Gaitsway
852	1512941251163	1.119	12.726	-1.66	Gaitsway
853	1512941251173	0.688	12.209	-1.311	Gaitsway
854	1512941251183	0.066	11.271	-0.684	Gaitsway
855	1512941251193	-0.324	13.133	-0.842	Gaitsway
856	1512941251204	-0.621	14.024	-0.449	Gaitsway
857	1512941251213	-1.014	14.182	0.463	Gaitsway
858	1512941251223	-0.98	14.819	2.245	Gaitsway
859	1512941251234	1.407	13.282	2.781	Gaitsway
860	1512941251244	2.441	12.401	-1.033	Gaitsway
861	1512941251253	2.776	11.544	-0.717	Gaitsway
862	1512941251263	1.651	8.982	-1.287	Gaitsway
863	1512941251274	0.909	8.201	-1.445	Gaitsway
864	1512941251284	0	7.579	-1.124	Gaitsway
865	1512941251294	-0.549	6.894	-0.391	Gaitsway
866	1512941251304	-1.694	6.348	-0.2	Gaitsway
867	1512941251314	-1.004	5.793	0.042	Gaitsway
868	1512941251324	3.499	5.668	-0.272	Gaitsway
869	1512941251334	2.699	5.06	-4.577	Gaitsway
870	1512941251344	3.815	6.329	-4.955	Gaitsway
871	1512941251355	3.408	6.626	-4.758	Gaitsway
872	1512941251364	2.901	6.703	-5.237	Gaitsway
873	1512941251374	-0.583	5.462	1.167	Gaitsway
874	1512941251384	-0.162	4.624	2.321	Gaitsway
875	1512941251394	0.899	5.012	-0.899	Gaitsway
876	1512941251405	0.344	5.338	-1.948	Gaitsway
877	1512941251415	1.263	3.384	-0.822	Gaitsway
878	1512941251425	2.623	2.872	-1.541	Gaitsway
879	1512941251435	3.154	3.169	-2.939	Gaitsway
880	1512941251445	3.322	5.573	-2.666	Gaitsway
881	1512941251455	3.432	6.339	-1.943	Gaitsway
882	1512941251465	3.509	6.463	-1.962	Gaitsway
883	1512941251475	3.672	6.319	-0.937	Gaitsway
884	1512941251486	3.011	4.021	5.367	Gaitsway
885	1512941251495	2.91	2.968	5.453	Gaitsway
886	1512941251505	2.977	1.842	6.387	Gaitsway
887	1512941251515	5.276	0.415	5.86	Gaitsway
888	1512941251526	6.037	0.166	5.285	Gaitsway
889	1512941251536	6.047	0.612	5.271	Gaitsway
890	1512941251546	6.985	1.44	4.495	Gaitsway
891	1512941251555	7.296	5.75	8.379	Gaitsway
892	1512941251566	6.88	8.345	7.655	Gaitsway
893	1512941251576	6.865	7.478	6.827	Gaitsway
894	1512941251586	5.836	6.693	12.88	Gaitsway
895	1512941251596	6.243	6.252	10.078	Gaitsway
896	1512941251606	5.826	5.97	10.04	Gaitsway
897	1512941251616	6.956	5.544	9.116	Gaitsway
898	1512941251626	6.865	4.826	9.145	Gaitsway
899	1512941251636	5.592	4.28	11.635	Gaitsway
900	1512941251646	4.184	3.796	13.622	Gaitsway
901	1512941251657	3.968	4.835	10.921	Gaitsway
902	1512941251667	4.735	5.185	10.27	Gaitsway
903	1512941251677	5.472	5.314	9.619	Gaitsway
904	1512941251687	5.774	5.458	7.718	Gaitsway
905	1512941251697	6.056	4.691	4.797	Gaitsway
906	1512941251707	5.826	4.687	4.869	Gaitsway
907	1512941251717	5.965	5.079	5.233	Gaitsway
908	1512941251727	6.008	5.295	5.946	Gaitsway
909	1512941251737	4.806	4.998	6.999	Gaitsway
910	1512941251747	3.504	4.098	8.173	Gaitsway
911	1512941251757	3.001	4.347	6.808	Gaitsway
912	1512941251768	1.569	3.604	12.765	Gaitsway
913	1512941251778	-0.822	3.925	8.982	Gaitsway
914	1512941251788	1.081	3.15	11.668	Gaitsway
915	1512941251797	1.124	2.632	11.438	Gaitsway
916	1512941251807	1.718	3.121	11.127	Gaitsway
917	1512941251820	2.048	3.37	9.288	Gaitsway
918	1512941251828	2.771	2.963	9.374	Gaitsway
919	1512941251838	2.197	2.757	10.112	Gaitsway
920	1512941251848	2.053	2.714	9.925	Gaitsway
921	1512941251858	1.727	2.685	9.863	Gaitsway
922	1512941251873	0.746	3.59	10.121	Gaitsway
923	1512941251878	0.842	3.399	10.117	Gaitsway
924	1512941251888	1.062	3.049	9.001	Gaitsway
925	1512941251898	1.292	2.934	8.604	Gaitsway
926	1512941251908	1.024	3.81	9.058	Gaitsway
927	1512941251918	1.201	3.83	9.039	Gaitsway
928	1512941251929	1.028	3.935	8.867	Gaitsway
929	1512941251939	1.636	4.035	9.485	Gaitsway
930	1512941251949	0.985	4.179	10.098	Gaitsway
931	1512941251959	1.105	4.146	10.303	Gaitsway
932	1512941251969	1.052	3.494	10.251	Gaitsway
933	1512941251979	1.292	3.499	10.639	Gaitsway
934	1512941251989	0.229	3.015	9.145	Gaitsway
935	1512941251999	0.909	3.121	6.65	Gaitsway
936	1512941252009	0.243	2.647	7.991	Gaitsway
937	1512941252019	0.569	2.58	8.642	Gaitsway
938	1512941252029	1.081	2.522	9.135	Gaitsway
939	1512941252039	1.45	2.671	9.327	Gaitsway
940	1512941252050	1.718	3.212	8.642	Gaitsway
941	1512941252059	1.636	3.303	8.762	Gaitsway
942	1512941252071	1.363	3.221	9.063	Gaitsway
943	1512941252080	0.798	2.518	9.724	Gaitsway
944	1512941252090	0.42	2.249	9.643	Gaitsway
945	1512941252100	0.075	2.096	9.422	Gaitsway
946	1512941252110	-0.071	1.823	9.729	Gaitsway
947	1512941252120	0.085	2.747	9.81	Gaitsway
948	1512941252130	-0.147	2.814	9.374	Gaitsway
949	1512941252140	-0.013	2.939	9.178	Gaitsway
950	1512941252150	0.387	3.279	9.221	Gaitsway
951	1512941252160	0.468	3.379	9.044	Gaitsway
952	1512941252173	0.449	3.604	8.891	Gaitsway
953	1512941252180	0.511	3.81	8.896	Gaitsway
954	1512941252191	0.257	3.638	9.178	Gaitsway
955	1512941252201	0.176	3.418	9.178	Gaitsway
956	1512941252211	0.051	3.106	8.92	Gaitsway
957	1512941252221	0.119	2.838	8.651	Gaitsway
958	1512941252231	0.267	2.853	8.628	Gaitsway
959	1512941252241	0.291	3.106	8.948	Gaitsway
960	1512941252251	0.334	3.355	9.25	Gaitsway
961	1512941252261	0.502	3.528	9.173	Gaitsway
962	1512941252271	0.372	3.451	9.049	Gaitsway
963	1512941252281	0.329	3.399	8.91	Gaitsway
964	1512941252292	0.387	3.389	8.924	Gaitsway
965	1512941252301	0.142	3.437	8.819	Gaitsway
966	1512941252311	0.214	3.365	8.699	Gaitsway
967	1512941252322	0.31	3.269	8.714	Gaitsway
968	1512941252332	0.636	3.327	8.747	Gaitsway
969	1512941252342	0.679	3.389	8.762	Gaitsway
970	1512941252352	0.669	3.432	8.843	Gaitsway
971	1512941252362	0.578	3.446	8.91	Gaitsway
972	1512941252373	0.224	3.365	8.939	Gaitsway
973	1512941252382	0.2	3.264	8.867	Gaitsway
974	1512941252393	0.205	3.236	8.877	Gaitsway
975	1512941252402	0.291	3.241	8.752	Gaitsway
976	1512941252413	0.363	3.241	8.699	Gaitsway
977	1512941252423	0.487	3.288	8.704	Gaitsway
978	1512941252433	0.526	3.355	8.857	Gaitsway
979	1512941252443	0.243	3.485	9.145	Gaitsway
980	1512941252453	0.219	3.509	9.058	Gaitsway
981	1512941252463	0.224	3.47	8.967	Gaitsway
982	1512941252473	0.458	3.384	8.766	Gaitsway
983	1512941252483	0.779	3.408	8.728	Gaitsway
984	1512941252493	0.88	3.36	8.608	Gaitsway
985	1512941252503	0.976	3.327	8.417	Gaitsway
986	1512941252513	0.597	3.451	8.345	Gaitsway
987	1512941252525	0.617	3.15	9.006	Gaitsway
988	1512941252533	0.257	3.15	8.982	Gaitsway
989	1512941252543	0.277	3.643	8.666	Gaitsway
990	1512941252553	0.066	3.868	8.786	Gaitsway
991	1512941252563	-0.186	4.155	8.508	Gaitsway
992	1512941252574	-0.506	3.983	9.102	Gaitsway
993	1512941252584	-1.301	2.733	9.518	Gaitsway
994	1512941252594	-1.411	3.346	8.125	Gaitsway
995	1512941252604	-1.732	3.672	9.13	Gaitsway
996	1512941252614	-1.933	3.595	10.265	Gaitsway
997	1512941252624	-1.55	3.619	9.877	Gaitsway
998	1512941252634	-1.186	3.533	9.327	Gaitsway
999	1512941252644	-0.985	3.322	9.427	Gaitsway
1000	1512941252654	-1.043	3.221	9.978	Gaitsway
1001	1512941252664	-1.009	3.197	9.892	Gaitsway
1002	1512941252674	-0.923	3.14	9.623	Gaitsway
1003	1512941252685	-0.655	2.953	9.006	Gaitsway
1004	1512941252695	-0.64	2.91	8.9	Gaitsway
1005	1512941252705	-0.669	3.006	8.963	Gaitsway
1006	1512941252715	-0.607	3.159	9.068	Gaitsway
1007	1512941252725	-0.487	3.154	9.111	Gaitsway
1008	1512941252735	-0.387	3.126	9.145	Gaitsway
1009	1512941252745	-0.382	3.087	9.207	Gaitsway
1010	1512941252755	-0.43	3.102	9.24	Gaitsway
1011	1512941252765	-0.502	3.159	9.255	Gaitsway
1012	1512941252775	-0.444	3.202	9.26	Gaitsway
1013	1512941252785	-0.339	3.202	9.231	Gaitsway
1014	1512941252795	-0.229	3.063	9.188	Gaitsway
1015	1512941252805	-0.147	3.059	9.183	Gaitsway
1016	1512941252816	-0.095	3.193	9.068	Gaitsway
1017	1512941252826	-0.095	3.442	9.068	Gaitsway
1018	1512941252836	-0.042	3.504	9.097	Gaitsway
1019	1512941252846	0.037	3.513	9.044	Gaitsway
1020	1512941252856	0.142	3.499	9.054	Gaitsway
1021	1512941252866	0.559	3.499	8.972	Gaitsway
1022	1512941252876	0.712	3.466	8.982	Gaitsway
1023	1512941252886	0.842	3.485	8.991	Gaitsway
1024	1512941252897	0.923	3.561	8.843	Gaitsway
1025	1512941252907	0.856	3.566	8.733	Gaitsway
1026	1512941252917	0.818	3.537	8.623	Gaitsway
1027	1512941252927	0.837	3.552	8.522	Gaitsway
1028	1512941252937	0.458	3.427	8.853	Gaitsway
1029	1512941252947	0.344	3.427	8.886	Gaitsway
1030	1512941252957	0.214	3.437	8.862	Gaitsway
1031	1512941252967	0.233	3.518	8.915	Gaitsway
1032	1512941252977	0.229	3.547	8.877	Gaitsway
1033	1512941252987	-0.013	3.485	7.517	Gaitsway
1034	1512941252997	0.329	3.782	9.087	Gaitsway
1035	1512941253007	0.195	3.427	8.967	Gaitsway
1036	1512941253017	0.344	3.403	8.752	Gaitsway
1037	1512941253030	0.305	3.308	8.651	Gaitsway
1038	1512941253037	-0.224	3.389	8.685	Gaitsway
1039	1512941253047	-0.473	3.528	8.781	Gaitsway
1040	1512941253058	-0.573	3.571	8.824	Gaitsway
1041	1512941253068	-0.755	3.389	8.618	Gaitsway
1042	1512941253078	-0.832	3.466	8.642	Gaitsway
1043	1512941253087	-0.775	3.652	8.934	Gaitsway
1044	1512941253098	-0.899	3.82	8.843	Gaitsway
1045	1512941253108	-1.014	4.122	8.661	Gaitsway
1046	1512941253118	-1.593	4.366	9.25	Gaitsway
1047	1512941253128	-1.89	4.351	9.643	Gaitsway
1048	1512941253138	-2.058	4.299	9.686	Gaitsway
1049	1512941253148	-1.67	4.323	9.054	Gaitsway
1050	1512941253158	-1.301	4.481	8.757	Gaitsway
1051	1512941253168	-1.129	4.605	8.632	Gaitsway
1052	1512941253178	-1.172	4.514	8.69	Gaitsway
1053	1512941253188	-1.182	4.438	8.699	Gaitsway
1054	1512941253198	-1.153	4.572	8.608	Gaitsway
1055	1512941253209	-1.186	4.653	8.546	Gaitsway
1056	1512941253219	-1.196	4.711	8.671	Gaitsway
1057	1512941253229	-1.287	4.672	8.714	Gaitsway
1058	1512941253239	-1.378	4.61	8.795	Gaitsway
1059	1512941253249	-1.512	4.586	8.786	Gaitsway
1060	1512941253259	-1.675	4.624	8.704	Gaitsway
1061	1512941253269	-1.651	4.62	8.704	Gaitsway
1062	1512941253279	-1.67	4.572	8.805	Gaitsway
1063	1512941253289	-1.579	4.605	8.742	Gaitsway
1064	1512941253300	-1.522	4.658	8.723	Gaitsway
1065	1512941253310	-1.33	4.62	8.537	Gaitsway
1066	1512941253320	-0.985	4.476	8.503	Gaitsway
1067	1512941253330	-0.837	4.256	9.044	Gaitsway
1068	1512941253341	-0.736	4.241	8.656	Gaitsway
1069	1512941253350	-0.583	4.313	8.608	Gaitsway
1070	1512941253360	-0.645	4.079	8.843	Gaitsway
1071	1512941253370	-0.645	3.921	8.814	Gaitsway
1072	1512941253381	-0.583	3.796	8.733	Gaitsway
1073	1512941253390	-0.607	3.739	8.503	Gaitsway
1074	1512941253400	-0.444	3.863	8.728	Gaitsway
1075	1512941253411	-0.411	3.988	8.45	Gaitsway
1076	1512941253421	-0.382	4.04	8.517	Gaitsway
1077	1512941253431	-0.358	4.011	8.331	Gaitsway
1078	1512941253441	-0.233	3.911	8.335	Gaitsway
1079	1512941253451	-0.109	3.786	8.551	Gaitsway
1080	1512941253462	-0.023	3.695	8.565	Gaitsway
1081	1512941253472	0.224	3.954	8.431	Gaitsway
1082	1512941253482	0.3	4.222	8.666	Gaitsway
1083	1512941253491	0.401	4.347	8.699	Gaitsway
1084	1512941253502	0.272	4.198	8.929	Gaitsway
1085	1512941253512	0.186	4.112	9.02	Gaitsway
1086	1512941253522	0.071	4.055	9.073	Gaitsway
1087	1512941253532	0.032	4.031	9.03	Gaitsway
1088	1512941253542	0.037	3.93	8.843	Gaitsway
1089	1512941253552	0.056	3.901	8.742	Gaitsway
1090	1512941253562	0.075	3.873	8.714	Gaitsway
1091	1512941253572	0.123	3.873	8.728	Gaitsway
1092	1512941253583	0.176	3.911	8.685	Gaitsway
1093	1512941253592	0.2	3.94	8.671	Gaitsway
1094	1512941253603	0.195	3.964	8.685	Gaitsway
1095	1512941253612	-0.013	3.997	8.714	Gaitsway
1096	1512941253623	-0.162	4.064	8.742	Gaitsway
1097	1512941253633	-0.229	4.055	8.747	Gaitsway
1098	1512941253642	-0.176	3.992	8.46	Gaitsway
1099	1512941253652	-0.171	3.94	8.412	Gaitsway
1100	1512941253662	-0.109	3.887	8.45	Gaitsway
1101	1512941253672	-0.056	3.901	8.508	Gaitsway
1102	1512941253682	-0.066	3.887	8.632	Gaitsway
1103	1512941253693	-0.056	3.849	8.623	Gaitsway
1104	1512941253703	-0.061	3.815	8.776	Gaitsway
1105	1512941253713	-0.056	3.743	8.92	Gaitsway
1106	1512941253723	-0.013	3.638	8.35	Gaitsway
1107	1512941253733	-0.798	3.542	8.177	Gaitsway
1108	1512941253743	0.018	4.107	10.179	Gaitsway
1109	1512941253753	-0.368	4.313	9.691	Gaitsway
1110	1512941253763	-0.037	4.481	9.442	Gaitsway
1111	1512941253773	-0.018	4.217	9.48	Gaitsway
1112	1512941253783	0.056	4.332	9.523	Gaitsway
1113	1512941253793	0.018	4.323	9.422	Gaitsway
1114	1512941253803	-0.095	4.064	9.121	Gaitsway
1115	1512941253814	0.099	3.614	8.68	Gaitsway
1116	1512941253823	0.186	4.193	7.962	Gaitsway
1117	1512941253834	0.2	4.423	7.986	Gaitsway
1118	1512941253844	0.147	4.428	8.249	Gaitsway
1119	1512941253854	0.19	4.299	8.436	Gaitsway
1120	1512941253864	0.195	4.466	8.522	Gaitsway
1121	1512941253874	0.114	4.624	8.867	Gaitsway
1122	1512941253884	-0.071	4.782	9.159	Gaitsway
1123	1512941253894	-0.353	4.768	9.006	Gaitsway
1124	1512941253904	-0.578	4.581	8.934	Gaitsway
1125	1512941253914	-0.674	4.313	8.608	Gaitsway
1126	1512941253924	-1.172	4.184	8.211	Gaitsway
1127	1512941253934	-2.12	4.648	6.99	Gaitsway
1128	1512941253945	-2.297	4.763	9.542	Gaitsway
1129	1512941253955	-2.273	4.49	9.638	Gaitsway
1130	1512941253965	-1.115	4.577	8.805	Gaitsway
1131	1512941253975	-0.923	4.395	8.685	Gaitsway
1132	1512941253985	-0.99	4.49	8.809	Gaitsway
1133	1512941253995	-0.904	4.433	8.402	Gaitsway
1134	1512941254005	-0.98	4.102	8.235	Gaitsway
1135	1512941254015	-1.043	3.897	8.125	Gaitsway
1136	1512941254025	-1.047	3.901	8.01	Gaitsway
1137	1512941254035	-0.846	4.098	8.101	Gaitsway
1138	1512941254045	-0.727	4.093	8.211	Gaitsway
1139	1512941254056	-0.549	4.15	8.474	Gaitsway
1140	1512941254066	-0.344	4.213	8.546	Gaitsway
1141	1512941254076	-0.147	4.179	8.738	Gaitsway
1142	1512941254086	-0.09	4.174	8.608	Gaitsway
1143	1512941254096	0.018	4.155	8.364	Gaitsway
1144	1512941254106	-0.262	3.628	6.87	Gaitsway
1145	1512941254116	-0.679	4.031	9.499	Gaitsway
1146	1512941254126	-0.679	4.62	9.748	Gaitsway
1147	1512941254136	-1.21	4.213	9.236	Gaitsway
1148	1512941254146	-0.751	4.28	9.202	Gaitsway
1149	1512941254156	-0.937	3.983	9.035	Gaitsway
1150	1512941254166	-0.947	3.796	9.111	Gaitsway
1151	1512941254176	-0.583	3.863	9.135	Gaitsway
1152	1512941254186	-0.224	3.873	8.929	Gaitsway
1153	1512941254197	0.095	3.7	8.771	Gaitsway
1154	1512941254207	0.358	3.825	8.656	Gaitsway
1155	1512941254217	0.588	3.997	8.762	Gaitsway
1156	1512941254227	0.334	3.997	8.853	Gaitsway
1157	1512941254237	0.229	3.949	8.853	Gaitsway
1158	1512941254247	0.521	4.107	8.685	Gaitsway
1159	1512941254257	0.837	4.213	8.742	Gaitsway
1160	1512941254267	1.028	4.265	8.809	Gaitsway
1161	1512941254277	1.177	4.198	8.704	Gaitsway
1162	1512941254287	1.392	4.284	8.718	Gaitsway
1163	1512941254297	1.244	4.294	8.991	Gaitsway
1164	1512941254307	1.062	4.26	9.202	Gaitsway
1165	1512941254317	0.832	4.198	9.111	Gaitsway
1166	1512941254327	0.76	4.165	9.03	Gaitsway
1167	1512941254338	0.669	4.05	8.843	Gaitsway
1168	1512941254348	0.559	3.858	8.532	Gaitsway
1169	1512941254358	0.09	3.552	8.513	Gaitsway
1170	1512941254368	-0.099	3.657	8.944	Gaitsway
1171	1512941254378	-0.186	3.786	9.327	Gaitsway
1172	1512941254388	0.066	3.734	9.317	Gaitsway
1173	1512941254398	0.205	3.6	9.092	Gaitsway
1174	1512941254408	0.291	3.59	8.92	Gaitsway
1175	1512941254419	0.353	3.648	8.809	Gaitsway
1176	1512941254429	0.439	3.681	8.877	Gaitsway
1177	1512941254438	0.473	3.705	8.915	Gaitsway
1178	1512941254449	0.549	3.729	8.685	Gaitsway
1179	1512941254459	0.315	3.423	8.589	Gaitsway
1180	1512941254469	0.257	3.403	8.757	Gaitsway
1181	1512941254479	0.315	3.504	8.953	Gaitsway
1182	1512941254489	0.391	3.576	8.982	Gaitsway
1183	1512941254500	0.449	3.6	9.015	Gaitsway
1184	1512941254510	0.391	3.59	8.905	Gaitsway
1185	1512941254519	0.19	3.533	8.857	Gaitsway
1186	1512941254529	0.128	3.691	9.786	Gaitsway
1187	1512941254539	0.243	3.672	9.489	Gaitsway
1188	1512941254549	0.267	3.619	9.207	Gaitsway
1189	1512941254560	0.344	3.667	8.939	Gaitsway
1190	1512941254570	0.387	3.758	8.977	Gaitsway
1191	1512941254579	0.406	3.82	8.9	Gaitsway
1192	1512941254590	0.363	3.796	8.824	Gaitsway
1193	1512941254600	0.267	3.834	8.833	Gaitsway
1194	1512941254610	0.224	3.743	8.857	Gaitsway
1195	1512941254620	0.219	3.681	8.929	Gaitsway
1196	1512941254630	0.2	3.633	8.963	Gaitsway
1197	1512941254640	0.142	3.672	8.944	Gaitsway
1198	1512941254650	0.104	3.676	8.915	Gaitsway
1199	1512941254660	0.114	3.652	8.939	Gaitsway
1200	1512941254670	0.209	3.724	8.929	Gaitsway
1201	1512941254680	0.19	3.724	8.963	Gaitsway
1202	1512941254690	0.166	3.743	8.987	Gaitsway
1203	1512941254700	0.123	3.772	8.972	Gaitsway
1204	1512941254710	0.138	3.743	9.011	Gaitsway
1205	1512941254721	0.133	3.739	8.967	Gaitsway
1206	1512941254731	0.162	3.786	8.896	Gaitsway
1207	1512941254741	0.176	3.782	8.91	Gaitsway
1208	1512941254751	0.171	3.762	9.006	Gaitsway
1209	1512941254761	0.2	3.767	8.972	Gaitsway
1210	1512941254771	0.238	3.801	8.886	Gaitsway
1211	1512941254781	0.248	3.801	8.79	Gaitsway
1212	1512941254791	0.248	3.758	8.857	Gaitsway
1213	1512941254801	0.238	3.791	8.91	Gaitsway
1214	1512941254811	0.257	3.786	8.872	Gaitsway
1215	1512941254821	0.243	3.791	8.905	Gaitsway
1216	1512941254832	0.229	3.786	8.972	Gaitsway
1217	1512941254842	0.205	3.753	9.116	Gaitsway
1218	1512941254852	0.109	3.734	9.533	Gaitsway
1219	1512941254901	0.147	3.748	9.394	Gaitsway
1220	1512941254902	0.195	3.724	9.212	Gaitsway
1221	1512941254903	0.243	3.753	8.944	Gaitsway
1222	1512941254904	0.277	3.758	8.867	Gaitsway
1223	1512941254905	0.272	3.729	8.805	Gaitsway
1224	1512941254923	0.286	3.695	8.742	Gaitsway
1225	1512941254924	0.305	3.743	8.714	Gaitsway
1226	1512941254932	0.272	3.715	8.939	Gaitsway
1227	1512941254943	0.233	3.724	9.145	Gaitsway
1228	1512941254952	0.233	3.743	9.058	Gaitsway
1229	1512941254963	0.248	3.748	8.996	Gaitsway
1230	1512941254973	0.267	3.762	8.939	Gaitsway
1231	1512941254983	0.257	3.762	8.877	Gaitsway
1232	1512941254993	0.238	3.753	8.929	Gaitsway
1233	1512941255003	0.205	3.705	8.939	Gaitsway
1234	1512941255013	0.157	3.676	8.905	Gaitsway
1235	1512941255023	0.133	3.681	8.886	Gaitsway
1236	1512941255033	0.095	3.624	8.877	Gaitsway
1237	1512941255043	0.119	3.609	8.867	Gaitsway
1238	1512941255053	0.176	3.59	8.934	Gaitsway
1239	1512941255063	0.224	3.662	8.944	Gaitsway
1240	1512941255073	0.248	3.743	8.996	Gaitsway
1241	1512941255098	0.243	3.762	8.958	Gaitsway
1242	1512941255099	0.257	3.777	8.944	Gaitsway
1243	1512941255104	0.257	3.739	8.915	Gaitsway
1244	1512941255114	0.195	3.734	8.944	Gaitsway
1245	1512941255124	0.104	3.667	9.015	Gaitsway
1246	1512941255134	0.08	3.667	9.02	Gaitsway
1247	1512941255144	0.138	3.652	8.987	Gaitsway
1248	1512941255154	0.19	3.648	8.977	Gaitsway
1249	1512941255164	0.233	3.672	9.011	Gaitsway
1250	1512941255174	0.286	3.786	8.948	Gaitsway
1251	1512941255185	0.272	3.767	8.872	Gaitsway
1252	1512941255194	0.272	3.71	8.824	Gaitsway
1253	1512941255205	0.214	3.643	8.709	Gaitsway
1254	1512941255215	0.195	3.619	8.671	Gaitsway
1255	1512941255225	0.2	3.648	8.714	Gaitsway
1256	1512941255235	0.224	3.681	8.843	Gaitsway
1257	1512941255245	0.238	3.662	9.006	Gaitsway
1258	1512941255255	0.224	3.686	9.082	Gaitsway
1259	1512941255265	0.224	3.724	9.145	Gaitsway
1260	1512941255275	0.147	3.686	9.154	Gaitsway
1261	1512941255285	0.128	3.643	9.164	Gaitsway
1262	1512941255296	0.075	3.662	9.164	Gaitsway
1263	1512941255306	0.075	3.681	9.236	Gaitsway
1264	1512941255316	0.071	3.705	9.121	Gaitsway
1265	1512941255326	0.071	3.662	9.044	Gaitsway
1266	1512941255336	0.09	3.686	9.015	Gaitsway
1267	1512941255346	0.051	3.614	9.078	Gaitsway
1268	1512941255356	-0.061	3.604	9.216	Gaitsway
1269	1512941255366	-0.133	3.628	9.327	Gaitsway
1270	1512941255377	-0.133	3.614	9.221	Gaitsway
1271	1512941255387	-0.028	3.638	8.967	Gaitsway
1272	1512941255396	0.051	3.6	8.905	Gaitsway
1273	1512941255406	0.095	3.614	8.838	Gaitsway
1274	1512941255417	0.047	3.662	8.838	Gaitsway
1275	1512941255426	-0.004	3.681	8.819	Gaitsway
1276	1512941255437	0.004	3.686	8.795	Gaitsway
1277	1512941255447	0.004	3.672	8.824	Gaitsway
1278	1512941255457	-0.051	3.652	8.824	Gaitsway
1279	1512941255467	-0.075	3.652	8.776	Gaitsway
1280	1512941255477	-0.09	3.652	8.718	Gaitsway
1281	1512941255487	-0.147	3.667	8.776	Gaitsway
1282	1512941255497	-0.171	3.652	8.795	Gaitsway
1283	1512941255507	-0.186	3.624	8.819	Gaitsway
1284	1512941255517	-0.171	3.628	8.843	Gaitsway
1285	1512941255527	-0.071	3.681	8.91	Gaitsway
1286	1512941255537	-0.061	3.624	8.915	Gaitsway
1287	1512941255547	-0.085	3.566	8.915	Gaitsway
1288	1512941255558	0.013	3.724	9.173	Gaitsway
1289	1512941255568	0.028	3.729	9.231	Gaitsway
1290	1512941255578	-0.138	3.581	9.37	Gaitsway
1291	1512941255588	-0.291	3.48	9.178	Gaitsway
1292	1512941255598	-0.272	3.332	7.512	Gaitsway
1293	1512941255608	-1.507	2.877	7.148	Gaitsway
1294	1512941255618	-0.813	3.93	10.682	Gaitsway
1295	1512941255628	-0.789	3.753	10.069	Gaitsway
1296	1512941255638	-0.564	3.566	9.662	Gaitsway
1297	1512941255648	-0.784	3.47	10.04	Gaitsway
1298	1512941255658	-0.961	3.609	10.155	Gaitsway
1299	1512941255668	-0.923	3.375	9.571	Gaitsway
1300	1512941255679	-0.77	3.293	8.881	Gaitsway
1301	1512941255689	-0.588	3.399	8.647	Gaitsway
1302	1512941255698	-0.3	3.705	8.814	Gaitsway
1303	1512941255709	-0.157	3.686	8.709	Gaitsway
