	38945.7031250000	77	744	6	-6	-2	
1	38975.1328125000	69	740	6	-2	2	
2	39053.6132812500	72	754	6	-3	-4	
3	39083.0429687500	73	738	5	1	3	
4	38984.9414062500	70	730	6	-8	1	
5	38965.3203125000	70	729	8	-3	-1	
6	39024.1835937500	71	741	3	-1	0	
7	38994.7500000000	72	745	4	-8	1	
8	38965.3203125000	77	753	3	1	2	
9	38877.0312500000	68	741	4	-4	1	
10	39014.3710937500	70	737	4	-1	2	
11	38975.1328125000	73	745	6	-3	2	
12	38955.5117187500	67	744	4	-8	-1	
13	38955.5117187500	76	738	7	-3	0	
14	38975.1328125000	66	739	4	-7	-3	
15	39033.9921875000	72	760	-1	0	-3	
16	38896.6523437500	68	733	4	-5	-1	
17	38955.5117187500	72	746	5	-9	1	
18	38984.9414062500	71	731	6	-7	3	
19	39033.9921875000	75	733	6	-5	0	
20	39033.9921875000	71	740	5	-5	0	
21	38916.2734375000	76	744	5	-1	2	
22	38975.1328125000	78	749	6	-4	-1	
23	38935.8906250000	78	739	6	2	0	
24	38975.1328125000	70	738	4	-3	3	
25	39092.8515625000	72	755	3	-5	3	
26	39043.8007812500	77	749	5	-9	2	
27	38965.3203125000	72	734	6	-4	0	
28	38935.8906250000	62	747	6	-5	1	
29	38994.7500000000	81	750	4	-2	-1	
30	38945.7031250000	84	748	7	-4	0	
31	38965.3203125000	69	746	3	-4	0	
32	38965.3203125000	69	753	7	-3	0	
33	38926.0820312500	67	752	2	-3	2	
34	38955.5117187500	76	741	5	1	1	
35	38945.7031250000	68	742	5	-2	6	
36	39033.9921875000	69	743	2	1	3	
37	38955.5117187500	87	753	3	-4	2	
38	39004.5625000000	83	754	4	-5	2	
39	38935.8906250000	67	765	4	-8	-1	
40	38926.0820312500	73	743	1	1	1	
41	38975.1328125000	74	732	4	-4	3	
42	39043.8007812500	67	745	6	-1	1	
43	38886.8398437500	74	742	3	-1	4	
44	38916.2734375000	70	737	7	-1	2	
45	38935.8906250000	68	753	6	-5	4	
46	38975.1328125000	76	744	7	-2	0	
47	38906.4609375000	72	754	2	1	1	
48	39033.9921875000	66	744	8	-4	-4	
49	39014.3710937500	68	747	10	-5	5	
50	39024.1835937500	71	744	8	-1	3	
51	38916.2734375000	70	741	6	-4	5	
52	38975.1328125000	70	743	3	-2	1	
53	38984.9414062500	66	735	7	-3	1	
54	39073.2304687500	76	754	7	-4	-2	
55	38975.1328125000	74	741	2	-5	1	
56	38916.2734375000	73	739	8	-4	2	
57	38935.8906250000	74	753	5	5	1	
58	38945.7031250000	68	751	6	-6	-1	
59	39033.9921875000	73	741	6	-4	-2	
60	38965.3203125000	68	741	8	-4	2	
61	38975.1328125000	80	747	6	-5	3	
62	38935.8906250000	71	749	4	-1	1	
63	39014.3710937500	67	743	4	-4	-1	
64	39092.8515625000	74	741	1	-5	-3	
65	38926.0820312500	67	756	4	-3	-1	
66	38994.7500000000	78	741	6	-1	3	
67	39024.1835937500	67	746	8	-4	-1	
68	39092.8515625000	73	731	7	-1	1	
69	39043.8007812500	63	759	6	-6	0	
70	38945.7031250000	77	742	2	-6	0	
71	38965.3203125000	68	744	3	0	3	
72	39004.5625000000	66	750	1	-2	3	
73	38975.1328125000	63	753	4	-1	1	
74	38945.7031250000	72	740	5	-4	-1	
75	38975.1328125000	61	742	5	3	3	
76	38975.1328125000	68	759	4	1	0	
77	39024.1835937500	71	746	6	-7	-1	
78	39004.5625000000	70	746	6	-2	1	
79	39024.1835937500	67	744	7	-3	5	
80	38994.7500000000	61	749	0	-4	0	
81	38994.7500000000	70	739	4	1	2	
82	39043.8007812500	70	745	6	-7	1	
83	38945.7031250000	78	739	3	-2	5	
84	39033.9921875000	73	750	8	-3	-1	
85	38984.9414062500	74	743	7	-3	0	
86	39014.3710937500	66	748	6	-3	0	
87	38955.5117187500	83	743	7	0	0	
88	38994.7500000000	63	759	3	-2	3	
89	38945.7031250000	71	752	3	-2	3	
90	38994.7500000000	64	737	3	-4	0	
91	38965.3203125000	72	732	3	-3	3	
92	39004.5625000000	65	748	5	1	1	
93	39014.3710937500	72	736	8	-8	5	
94	38984.9414062500	72	747	6	-2	-3	
95	38994.7500000000	68	753	7	-6	6	
96	38955.5117187500	73	741	2	1	5	
97	38975.1328125000	66	737	8	-4	-1	
98	39004.5625000000	71	742	6	-3	-4	
99	39014.3710937500	79	738	3	-3	1	
100	38926.0820312500	64	751	4	0	1	
101	38994.7500000000	70	741	5	-5	1	
102	38935.8906250000	65	747	3	-1	4	
103	38896.6523437500	67	733	6	-4	0	
104	38994.7500000000	67	729	3	-5	5	
105	38965.3203125000	72	731	3	-2	0	
106	38994.7500000000	69	718	6	-5	2	
107	38975.1328125000	74	745	8	-2	0	
108	38955.5117187500	75	743	7	-2	1	
109	39043.8007812500	73	744	6	-4	2	
110	38955.5117187500	79	757	5	-4	5	
111	39014.3710937500	72	750	2	-7	4	
112	38906.4609375000	70	745	3	-6	-1	
113	38984.9414062500	74	742	5	0	2	
114	38955.5117187500	76	747	2	-2	0	
115	38994.7500000000	69	751	3	-1	3	
116	39014.3710937500	74	747	5	-3	0	
117	38975.1328125000	74	741	3	-5	2	
118	39004.5625000000	68	744	6	0	0	
119	39014.3710937500	73	739	3	-6	7	
120	39033.9921875000	69	758	7	-6	0	
121	38984.9414062500	76	735	3	-3	2	
122	38926.0820312500	73	735	8	-7	1	
123	38975.1328125000	66	739	6	1	-1	
124	39033.9921875000	71	747	7	-2	1	
125	38975.1328125000	70	736	6	-3	3	
126	38994.7500000000	71	747	4	-3	4	
127	38945.7031250000	67	749	5	-5	-2	
128	38935.8906250000	68	746	9	-2	1	
129	39014.3710937500	72	742	8	-2	4	
130	38955.5117187500	66	744	7	0	1	
131	38965.3203125000	76	751	4	-4	0	
132	39033.9921875000	73	749	5	3	3	
133	38984.9414062500	78	743	5	-8	3	
134	39004.5625000000	78	743	6	-3	0	
135	38906.4609375000	70	748	5	-6	-1	
136	38965.3203125000	72	742	3	1	1	
137	38984.9414062500	73	743	8	-1	2	
138	38984.9414062500	71	732	6	-5	2	
139	38975.1328125000	74	736	4	0	2	
140	39053.6132812500	76	750	4	-1	1	
141	38984.9414062500	73	748	7	-4	1	
142	38994.7500000000	71	746	3	-1	4	
143	38926.0820312500	66	737	5	-3	4	
144	38945.7031250000	70	732	7	-2	0	
145	38975.1328125000	77	747	6	-4	2	
146	38935.8906250000	74	746	7	-1	0	
147	38867.2226562500	77	743	3	-5	3	
148	38965.3203125000	74	732	7	-1	2	
149	38926.0820312500	74	737	5	-2	2	
150	38965.3203125000	71	739	4	-8	2	
151	39024.1835937500	73	742	3	5	5	
152	38877.0312500000	73	731	5	-7	3	
153	38935.8906250000	78	741	6	3	2	
154	38877.0312500000	76	749	9	-2	-4	
155	39014.3710937500	68	742	5	-4	-1	
156	39004.5625000000	66	751	4	-4	1	
157	39014.3710937500	70	746	1	-6	0	
158	38994.7500000000	74	751	5	-3	-1	
159	38975.1328125000	65	746	7	-3	4	
160	39014.3710937500	70	730	6	1	0	
161	38994.7500000000	79	751	5	-5	3	
162	38935.8906250000	73	741	4	-6	7	
163	38955.5117187500	71	740	2	-4	5	
164	38896.6523437500	73	738	8	-4	2	
165	38984.9414062500	62	744	6	-1	0	
166	39014.3710937500	80	744	6	-6	0	
167	39014.3710937500	74	733	4	-2	2	
168	38955.5117187500	71	730	2	-5	0	
169	39014.3710937500	69	740	7	-4	-1	
170	39043.8007812500	67	757	5	-3	1	
171	39083.0429687500	74	741	4	-3	0	
172	38886.8398437500	72	743	3	-7	-3	
173	38935.8906250000	78	761	5	-6	3	
174	38965.3203125000	73	741	10	-7	5	
175	38955.5117187500	69	737	7	-3	-1	
176	38945.7031250000	78	732	6	-5	0	
177	38886.8398437500	71	752	2	-4	0	
178	38975.1328125000	71	739	4	-5	0	
179	39083.0429687500	68	743	3	-2	-1	
180	38906.4609375000	71	743	7	-7	1	
181	38886.8398437500	69	747	5	-2	0	
182	38955.5117187500	76	743	6	-2	2	
183	38945.7031250000	65	740	6	-8	0	
184	38975.1328125000	74	749	8	2	2	
185	38965.3203125000	69	741	4	-5	1	
186	39053.6132812500	69	740	4	-4	-1	
187	38965.3203125000	66	751	6	-1	1	
188	39053.6132812500	64	739	8	-2	4	
189	38975.1328125000	73	737	6	-1	3	
190	39014.3710937500	79	743	4	-1	1	
191	39033.9921875000	67	742	3	-3	0	
192	38945.7031250000	71	744	9	-5	2	
193	38955.5117187500	72	751	7	1	-3	
194	38975.1328125000	73	739	3	-8	-1	
195	39024.1835937500	67	741	5	0	0	
196	39043.8007812500	70	746	2	-4	-2	
197	39004.5625000000	74	748	6	-1	-2	
198	38955.5117187500	75	731	6	-6	1	
199	38984.9414062500	68	732	5	-4	-1	
200	39053.6132812500	80	755	0	-2	5	
201	38916.2734375000	73	744	6	-5	3	
202	39004.5625000000	71	743	6	-3	-1	
203	38984.9414062500	76	744	5	0	-1	
204	38935.8906250000	74	736	6	2	-1	
205	38994.7500000000	70	752	2	-1	3	
206	39014.3710937500	76	726	1	-1	3	
207	39033.9921875000	71	747	7	0	-3	
208	39033.9921875000	75	753	5	1	3	
209	38906.4609375000	69	733	5	-3	2	
210	38945.7031250000	75	744	7	-2	0	
211	38886.8398437500	77	729	2	2	1	
212	38935.8906250000	70	755	10	-3	1	
213	38965.3203125000	75	750	3	-1	1	
214	39004.5625000000	70	752	5	-2	0	
215	39014.3710937500	72	749	8	-3	0	
216	39014.3710937500	72	746	1	-2	1	
217	38945.7031250000	64	754	5	-4	3	
218	39024.1835937500	65	751	6	-3	2	
219	39043.8007812500	76	748	3	-3	0	
220	38926.0820312500	71	735	5	-3	0	
221	39014.3710937500	71	739	5	1	-1	
222	38916.2734375000	68	754	5	-7	0	
223	39063.4218750000	71	738	2	1	2	
224	39014.3710937500	70	743	6	-3	4	
225	39004.5625000000	71	735	3	-4	-2	
226	38945.7031250000	75	744	8	-2	3	
227	38994.7500000000	72	742	2	-2	3	
228	38984.9414062500	72	739	5	-4	4	
229	38935.8906250000	69	748	5	-7	1	
230	38945.7031250000	73	741	6	-1	1	
231	38945.7031250000	73	747	4	2	4	
232	38984.9414062500	67	748	3	-6	2	
233	38984.9414062500	73	740	5	-2	0	
234	39043.8007812500	78	745	6	-4	0	
235	38896.6523437500	75	728	5	-4	3	
236	39004.5625000000	74	748	3	-5	4	
237	39014.3710937500	76	744	2	-5	1	
238	39004.5625000000	74	729	3	0	4	
239	39033.9921875000	72	739	2	-4	1	
240	39014.3710937500	66	741	4	2	4	
241	39014.3710937500	78	745	8	-5	4	
242	38984.9414062500	78	754	8	-2	0	
243	38984.9414062500	64	737	1	-6	2	
244	38955.5117187500	68	751	6	-2	-1	
245	38926.0820312500	73	743	5	-1	1	
246	38945.7031250000	68	739	6	-7	-2	
247	39004.5625000000	73	745	7	-3	2	
248	38945.7031250000	71	738	2	-5	2	
249	39004.5625000000	74	739	4	-1	2	
250	38935.8906250000	66	752	6	-2	1	
251	39014.3710937500	68	738	5	-3	-1	
252	39014.3710937500	68	744	6	-6	-1	
253	38965.3203125000	77	726	5	2	-1	
254	39053.6132812500	70	734	7	-6	4	
255	38965.3203125000	72	753	6	1	1	
256	38975.1328125000	70	741	8	-6	1	
257	38906.4609375000	69	745	8	-1	-1	
258	38975.1328125000	86	729	5	-4	5	
259	38955.5117187500	72	745	6	-2	1	
260	39053.6132812500	67	744	3	1	-1	
261	39033.9921875000	69	756	8	-4	1	
262	39024.1835937500	67	735	3	1	-1	
263	39102.6601562500	71	742	6	0	0	
264	39033.9921875000	71	752	7	-2	1	
265	38955.5117187500	69	734	3	-7	2	
266	39053.6132812500	75	741	4	-6	4	
267	38994.7500000000	74	749	5	-2	2	
268	38984.9414062500	67	734	4	-5	0	
269	39033.9921875000	68	749	4	-4	7	
270	38975.1328125000	68	761	3	-4	0	
271	39053.6132812500	73	757	5	-1	1	
272	38965.3203125000	68	741	5	-5	1	
273	38975.1328125000	74	742	2	1	1	
274	39024.1835937500	75	744	3	-9	2	
275	38975.1328125000	66	738	4	-3	0	
276	38965.3203125000	77	751	2	2	-3	
277	39043.8007812500	74	745	5	-2	-2	
278	39024.1835937500	66	729	6	0	2	
279	39033.9921875000	74	746	5	-3	4	
280	38916.2734375000	70	742	6	-3	1	
281	39004.5625000000	66	750	7	-4	3	
282	38935.8906250000	70	735	7	-4	1	
283	38975.1328125000	68	737	6	-7	-1	
284	38994.7500000000	73	739	5	-3	3	
285	38955.5117187500	72	736	4	-1	3	
286	39004.5625000000	76	730	8	-2	-1	
287	39053.6132812500	72	762	7	-7	0	
288	38994.7500000000	69	742	6	-4	-3	
289	38984.9414062500	70	739	8	-1	2	
290	38935.8906250000	69	747	8	-6	-2	
291	38965.3203125000	77	744	3	-1	4	
292	38935.8906250000	68	732	2	2	5	
293	38975.1328125000	76	747	6	-5	2	
294	38906.4609375000	70	739	5	-7	-1	
295	39024.1835937500	77	754	1	-2	-1	
296	39053.6132812500	76	740	3	-4	1	
297	38945.7031250000	71	735	7	-3	3	
298	39053.6132812500	72	732	5	-6	2	
299	39043.8007812500	71	735	4	0	1	
300	38975.1328125000	68	741	5	-4	-1	
301	38896.6523437500	77	755	2	0	1	
302	38945.7031250000	68	730	4	-3	5	
303	38975.1328125000	74	737	3	-10	-1	
304	38926.0820312500	73	735	5	-2	0	
305	39004.5625000000	72	742	1	1	4	
306	38867.2226562500	74	735	5	0	1	
307	38916.2734375000	70	749	5	-5	1	
308	38975.1328125000	76	749	5	-2	1	
309	38935.8906250000	73	741	9	-4	-3	
310	38926.0820312500	70	742	5	-2	1	
311	38955.5117187500	73	750	6	-5	3	
312	38984.9414062500	71	747	4	-5	2	
313	38935.8906250000	74	754	3	-2	-2	
314	38857.4101562500	73	751	1	-8	1	
315	38935.8906250000	67	751	7	-2	6	
316	39053.6132812500	69	740	7	0	1	
317	38945.7031250000	70	738	7	-8	4	
318	38975.1328125000	62	746	3	-3	2	
319	38945.7031250000	69	745	6	-4	0	
320	38965.3203125000	72	732	6	-2	-1	
321	39014.3710937500	72	748	3	-6	1	
322	38955.5117187500	72	751	5	0	1	
323	38984.9414062500	64	748	7	-6	0	
324	38994.7500000000	68	739	6	-1	0	
325	38916.2734375000	81	746	4	-6	1	
326	39014.3710937500	77	738	6	-4	5	
327	39014.3710937500	74	750	8	-7	6	
328	38916.2734375000	61	744	7	-5	-1	
329	39004.5625000000	66	736	6	-1	4	
330	38965.3203125000	76	741	2	-1	3	
331	38994.7500000000	73	753	2	2	4	
332	38984.9414062500	69	745	6	-3	0	
333	38984.9414062500	66	738	4	-2	2	
334	38945.7031250000	66	743	4	-1	2	
335	39004.5625000000	75	739	4	-2	0	
336	38994.7500000000	67	745	4	-2	2	
337	38975.1328125000	77	743	3	-3	2	
338	38935.8906250000	77	749	4	-1	7	
339	38984.9414062500	75	745	-1	-3	-1	
340	38955.5117187500	76	738	6	2	2	
341	38945.7031250000	74	748	4	-4	1	
342	38994.7500000000	74	742	4	-2	1	
343	39014.3710937500	65	737	2	-4	-1	
344	38994.7500000000	74	753	4	-5	1	
345	38975.1328125000	65	746	1	-3	-2	
346	38926.0820312500	67	745	7	-4	-2	
347	39004.5625000000	64	752	3	-2	3	
348	38886.8398437500	71	743	4	-7	3	
349	38955.5117187500	75	753	5	-6	2	
350	39014.3710937500	70	740	3	-5	-1	
351	38965.3203125000	67	739	5	-3	0	
352	38916.2734375000	68	742	7	0	-1	
353	38916.2734375000	75	749	6	-2	0	
354	38994.7500000000	66	741	6	0	2	
355	38975.1328125000	68	738	4	-1	1	
356	38926.0820312500	60	744	4	-1	-1	
357	39014.3710937500	76	762	2	-2	1	
358	39033.9921875000	71	745	7	-5	1	
359	39014.3710937500	65	738	5	-4	3	
360	38945.7031250000	79	734	7	-4	1	
361	38935.8906250000	66	757	3	-1	2	
362	39024.1835937500	72	743	4	-6	3	
363	39024.1835937500	78	744	3	0	2	
364	38984.9414062500	72	746	10	-3	0	
365	38955.5117187500	70	740	6	-1	4	
366	38975.1328125000	71	742	9	-4	3	
367	39033.9921875000	68	747	3	-5	4	
368	39004.5625000000	82	745	6	-4	1	
369	38935.8906250000	69	739	5	-5	5	
370	38945.7031250000	72	747	4	-4	3	
371	38955.5117187500	72	753	5	-5	-4	
372	38955.5117187500	80	751	4	-7	0	
373	39033.9921875000	66	747	6	-7	1	
374	38935.8906250000	67	734	7	0	1	
375	38975.1328125000	75	760	6	-6	3	
376	38906.4609375000	78	734	8	0	1	
377	38916.2734375000	69	740	3	-7	1	
378	38916.2734375000	77	754	6	-5	-2	
379	38984.9414062500	72	749	1	-1	1	
380	38994.7500000000	68	746	3	-1	-2	
381	39033.9921875000	65	756	5	-3	4	
382	38935.8906250000	75	745	6	-3	3	
383	38955.5117187500	62	744	9	1	3	
384	38965.3203125000	71	750	4	-3	-1	
385	38935.8906250000	74	731	4	3	2	
386	39043.8007812500	67	743	0	-11	-2	
387	38955.5117187500	74	742	2	2	1	
388	38975.1328125000	82	735	6	-6	5	
389	38926.0820312500	68	747	8	-5	1	
390	39024.1835937500	81	751	5	-2	2	
391	38975.1328125000	71	738	5	0	4	
392	39063.4218750000	71	739	3	1	1	
393	38945.7031250000	80	740	5	-5	-2	
394	38965.3203125000	70	743	4	1	3	
395	38984.9414062500	70	736	5	-3	2	
396	39024.1835937500	75	731	3	0	0	
397	38945.7031250000	75	754	8	-4	-4	
398	38984.9414062500	73	746	5	4	1	
399	38994.7500000000	70	749	7	0	1	
400	38975.1328125000	69	749	5	-2	1	
401	38955.5117187500	74	729	3	0	3	
402	39033.9921875000	69	736	3	1	1	
403	38975.1328125000	64	736	6	-3	5	
404	38965.3203125000	66	739	1	-1	2	
405	38975.1328125000	73	746	4	-4	-2	
406	38984.9414062500	73	733	7	-1	0	
407	38945.7031250000	78	749	5	-4	3	
408	38994.7500000000	70	741	7	-2	-1	
409	38935.8906250000	69	744	6	-2	3	
410	38945.7031250000	69	740	2	-6	-2	
411	39053.6132812500	73	741	6	-6	1	
412	38926.0820312500	70	745	5	-3	-3	
413	38886.8398437500	74	742	3	0	1	
414	38935.8906250000	76	741	6	-5	0	
415	39014.3710937500	73	755	7	2	0	
416	38994.7500000000	76	748	6	-3	3	
417	39063.4218750000	72	740	6	-6	-2	
418	39063.4218750000	65	756	6	-2	0	
419	38926.0820312500	68	748	7	-2	0	
420	38955.5117187500	71	740	5	-2	1	
421	38935.8906250000	70	742	3	-1	3	
422	38965.3203125000	77	737	6	-2	1	
423	39033.9921875000	72	761	3	-3	-2	
424	38984.9414062500	71	753	6	1	4	
425	39024.1835937500	68	739	4	-3	3	
426	39004.5625000000	72	751	2	1	1	
427	38896.6523437500	72	748	3	-2	2	
428	38984.9414062500	76	738	4	-4	-1	
429	38984.9414062500	77	744	5	-4	-1	
430	38975.1328125000	68	730	1	-4	6	
431	38916.2734375000	74	748	4	1	0	
432	38984.9414062500	83	746	5	-3	2	
433	38975.1328125000	62	756	4	2	0	
434	38975.1328125000	70	742	7	-3	0	
435	38906.4609375000	74	741	6	-4	-2	
436	38994.7500000000	73	745	6	-4	-2	
437	39024.1835937500	68	740	9	-5	0	
438	38975.1328125000	66	752	0	1	2	
439	38975.1328125000	69	740	4	-3	3	
440	38935.8906250000	73	739	6	-5	2	
441	38916.2734375000	65	742	3	-5	-1	
442	38926.0820312500	69	744	4	-3	2	
443	39014.3710937500	74	746	3	-3	-1	
444	38994.7500000000	70	753	4	-3	1	
445	38975.1328125000	68	742	4	-4	-2	
446	38955.5117187500	69	745	2	-5	-2	
447	38994.7500000000	74	740	8	-6	1	
448	38975.1328125000	68	746	7	-3	3	
449	38955.5117187500	75	756	5	1	1	
450	38955.5117187500	73	734	4	-3	3	
451	38975.1328125000	63	746	3	3	1	
452	39004.5625000000	75	745	7	-1	-1	
453	38906.4609375000	75	749	5	-5	2	
454	38935.8906250000	78	750	3	-4	1	
455	38955.5117187500	70	738	6	-2	0	
456	39053.6132812500	71	748	7	-3	1	
457	38926.0820312500	75	745	5	-2	-1	
458	38965.3203125000	77	744	7	-1	1	
459	38975.1328125000	78	753	3	-7	0	
460	38935.8906250000	67	759	9	-6	1	
461	38945.7031250000	72	745	6	-3	0	
462	39024.1835937500	64	740	6	0	4	
463	38945.7031250000	81	735	1	-3	0	
464	39024.1835937500	72	737	5	-6	5	
465	39024.1835937500	77	740	4	-5	4	
466	38994.7500000000	72	757	7	-5	-4	
467	38975.1328125000	62	745	5	-4	0	
468	38935.8906250000	67	747	3	-1	1	
469	39053.6132812500	79	747	1	-4	6	
470	39083.0429687500	72	746	5	-2	0	
471	39092.8515625000	78	743	5	1	5	
472	39004.5625000000	71	746	2	0	4	
473	39024.1835937500	70	741	5	-3	2	
474	38994.7500000000	77	735	0	-3	2	
475	39004.5625000000	68	760	4	-3	-2	
476	38916.2734375000	72	756	3	-2	-3	
477	39024.1835937500	66	736	6	-5	0	
478	38975.1328125000	75	751	4	-6	-2	
479	39063.4218750000	75	745	2	-5	1	
480	39004.5625000000	69	737	0	0	1	
481	39004.5625000000	64	742	1	-3	4	
482	38984.9414062500	69	743	8	-1	0	
483	39024.1835937500	72	746	4	-1	1	
484	38935.8906250000	69	741	2	-9	-2	
485	39004.5625000000	70	742	4	3	-1	
486	38945.7031250000	62	754	7	-7	4	
487	38896.6523437500	76	739	6	-1	2	
488	38994.7500000000	73	743	4	-5	-1	
489	38994.7500000000	71	750	7	-7	2	
490	38994.7500000000	72	747	3	-5	1	
491	39033.9921875000	66	741	7	-2	-2	
492	39043.8007812500	69	741	3	-6	1	
493	38945.7031250000	77	751	7	-1	-2	
494	39024.1835937500	70	750	7	-3	1	
495	38994.7500000000	67	737	3	-5	-1	
496	38945.7031250000	78	734	8	0	1	
497	38935.8906250000	69	742	0	-7	0	
498	38896.6523437500	76	737	6	0	0	
499	38935.8906250000	73	748	7	-2	3	
500	39024.1835937500	81	744	6	-2	2	
501	38935.8906250000	74	755	2	-2	-3	
502	38994.7500000000	71	739	3	-3	2	
503	38896.6523437500	76	743	4	-1	4	
504	38965.3203125000	77	737	6	-5	1	
505	38984.9414062500	76	749	5	-1	1	
506	39083.0429687500	71	746	7	-3	-1	
507	39014.3710937500	72	729	3	0	-1	
508	38867.2226562500	72	745	2	-5	-1	
509	38994.7500000000	75	743	5	-4	1	
510	38994.7500000000	74	758	7	-1	1	
511	39014.3710937500	67	747	5	-3	-4	
512	38935.8906250000	66	754	8	-2	3	
513	38916.2734375000	74	756	4	-3	-1	
514	38965.3203125000	76	733	4	-4	0	
515	38955.5117187500	80	740	4	-6	2	
516	38984.9414062500	69	752	5	-3	0	
517	38994.7500000000	76	745	2	-1	0	
518	38935.8906250000	79	729	7	-4	3	
519	39004.5625000000	63	750	1	3	3	
520	39014.3710937500	73	751	3	-2	0	
521	38955.5117187500	76	741	5	-1	4	
522	38945.7031250000	76	745	7	-4	-4	
523	38955.5117187500	72	748	4	-1	4	
524	38975.1328125000	67	748	1	1	2	
525	38945.7031250000	72	743	2	-7	-1	
526	38975.1328125000	75	738	6	-3	0	
527	38945.7031250000	76	748	6	-6	4	
528	38955.5117187500	71	746	8	-1	1	
529	39043.8007812500	79	750	2	-7	-2	
530	39024.1835937500	67	743	5	-1	4	
531	38935.8906250000	77	746	6	-3	1	
532	38935.8906250000	77	746	3	3	0	
533	38975.1328125000	70	746	5	1	1	
534	38994.7500000000	77	743	2	-5	4	
535	38994.7500000000	75	728	5	-2	2	
536	38935.8906250000	73	732	4	-5	1	
537	39014.3710937500	72	745	6	-1	1	
538	38994.7500000000	72	747	4	-1	-1	
539	38926.0820312500	70	743	4	2	5	
540	38926.0820312500	72	746	5	-3	3	
541	38994.7500000000	68	748	5	-5	-2	
542	38877.0312500000	70	736	5	2	-1	
543	38906.4609375000	75	753	3	-5	-3	
544	38955.5117187500	67	732	4	-2	2	
545	38935.8906250000	69	745	6	-2	0	
546	39014.3710937500	78	744	6	-4	2	
547	39014.3710937500	76	745	3	-7	-2	
548	38984.9414062500	73	739	3	-8	4	
549	39053.6132812500	68	741	6	-7	2	
550	38984.9414062500	76	734	3	-6	1	
551	38984.9414062500	73	749	3	1	5	
552	38916.2734375000	68	739	5	-3	3	
553	39073.2304687500	72	738	6	0	1	
554	39014.3710937500	83	741	4	-5	3	
555	38945.7031250000	82	742	6	0	3	
556	38975.1328125000	74	737	5	-1	2	
557	38975.1328125000	75	731	1	-5	3	
558	38984.9414062500	70	743	4	-5	2	
559	38935.8906250000	74	732	4	-1	2	
560	38965.3203125000	76	750	4	-4	5	
561	39004.5625000000	70	741	2	-6	2	
562	38984.9414062500	65	740	5	2	4	
563	39014.3710937500	74	739	2	-8	-1	
564	38994.7500000000	72	755	6	2	3	
565	38984.9414062500	73	755	4	-5	3	
566	38975.1328125000	78	738	7	-2	3	
567	39014.3710937500	78	745	5	-5	3	
568	39004.5625000000	71	741	6	-3	2	
569	38984.9414062500	74	758	8	-2	0	
570	38955.5117187500	66	756	2	-3	0	
571	38984.9414062500	63	737	6	0	0	
572	38945.7031250000	69	735	3	-2	1	
573	38994.7500000000	67	756	7	-7	5	
574	38994.7500000000	76	744	6	-9	-3	
575	38935.8906250000	70	738	3	-4	8	
576	39014.3710937500	69	745	5	-5	0	
577	38945.7031250000	71	742	2	-4	3	
578	39004.5625000000	69	746	7	-8	-1	
579	39014.3710937500	75	729	4	-3	3	
580	38994.7500000000	80	747	5	-2	3	
581	39024.1835937500	72	742	4	-7	-2	
582	38945.7031250000	72	727	7	-3	2	
583	39083.0429687500	67	747	4	-9	3	
584	38994.7500000000	68	742	6	0	0	
585	38984.9414062500	72	743	5	-1	-2	
586	39014.3710937500	82	752	4	0	1	
587	38975.1328125000	72	732	6	-3	-2	
588	39033.9921875000	72	738	4	-9	1	
589	39004.5625000000	62	741	7	2	4	
590	38975.1328125000	72	745	3	-6	0	
591	38975.1328125000	74	747	7	-4	-1	
592	38955.5117187500	63	738	6	-3	1	
593	38994.7500000000	70	743	1	4	5	
594	38984.9414062500	78	741	2	-2	3	
595	38994.7500000000	78	743	6	-2	2	
596	39063.4218750000	65	749	7	-1	2	
597	39112.4726562500	70	737	7	-3	-2	
598	38984.9414062500	68	736	9	-1	0	
599	38994.7500000000	76	747	2	-6	-4	
600	38945.7031250000	73	752	9	-2	2	
601	38975.1328125000	70	740	5	-4	3	
602	38994.7500000000	70	741	8	-4	-1	
603	38935.8906250000	76	740	8	-7	3	
604	39024.1835937500	70	741	4	-6	-1	
605	39063.4218750000	74	741	3	-3	-1	
606	38945.7031250000	76	730	1	-1	4	
607	39043.8007812500	73	738	4	-5	0	
608	38945.7031250000	74	741	5	-3	0	
609	38916.2734375000	63	750	5	2	4	
610	39053.6132812500	67	749	4	-2	2	
611	38984.9414062500	70	740	4	-7	-1	
612	38984.9414062500	70	743	5	-4	0	
613	38994.7500000000	69	754	3	-7	1	
614	38955.5117187500	71	755	3	1	-1	
615	38955.5117187500	87	745	0	-6	2	
616	38965.3203125000	69	759	7	1	3	
617	38965.3203125000	67	741	3	-5	3	
618	38994.7500000000	73	752	5	-4	-1	
619	39063.4218750000	73	748	10	-3	2	
620	38886.8398437500	67	751	6	-2	0	
621	38975.1328125000	77	746	5	-3	6	
622	38945.7031250000	71	745	4	-8	5	
623	38926.0820312500	67	742	3	-1	2	
624	39014.3710937500	71	745	8	-6	-3	
625	38975.1328125000	76	746	2	0	1	
626	39004.5625000000	66	735	4	-6	2	
627	38975.1328125000	71	742	9	-7	3	
628	38926.0820312500	67	751	4	1	-1	
629	39033.9921875000	68	757	4	-3	2	
630	38935.8906250000	70	755	5	-2	1	
631	39004.5625000000	78	730	8	-1	-2	
632	38935.8906250000	78	740	5	-3	-1	
633	38916.2734375000	76	733	5	0	1	
634	38975.1328125000	69	756	4	-6	2	
635	38926.0820312500	76	743	4	-4	-1	
636	38896.6523437500	67	739	4	4	3	
637	38886.8398437500	74	757	6	-2	3	
638	38955.5117187500	76	747	2	1	3	
639	38994.7500000000	77	753	6	-6	-2	
640	38935.8906250000	78	746	5	3	3	
641	38975.1328125000	67	741	6	-4	3	
642	38935.8906250000	72	738	9	-1	2	
643	38965.3203125000	81	728	7	-1	0	
644	38916.2734375000	72	732	6	2	2	
645	39024.1835937500	64	747	6	0	2	
646	38916.2734375000	77	745	5	-8	1	
647	38955.5117187500	66	748	6	0	3	
648	39014.3710937500	78	747	5	-3	2	
649	38935.8906250000	69	748	5	-7	0	
650	38906.4609375000	73	730	5	-4	-1	
651	38906.4609375000	72	740	3	-6	2	
652	39033.9921875000	71	732	4	-2	3	
653	38955.5117187500	70	744	5	-3	3	
654	38916.2734375000	72	734	6	-6	0	
655	38984.9414062500	71	739	7	-3	-1	
656	39132.0898437500	74	743	4	-4	-1	
657	38965.3203125000	72	745	4	-6	1	
658	38975.1328125000	71	731	2	-9	4	
659	38935.8906250000	68	745	2	-3	4	
660	38994.7500000000	69	757	8	-1	4	
661	39033.9921875000	78	745	3	-3	0	
662	38994.7500000000	77	744	7	-2	5	
663	38926.0820312500	74	731	4	-3	4	
664	38975.1328125000	74	749	8	0	2	
665	38916.2734375000	71	743	4	-4	1	
666	38975.1328125000	70	737	2	-7	2	
667	38955.5117187500	67	738	4	-1	5	
668	39043.8007812500	68	748	4	-8	2	
669	38984.9414062500	80	729	4	-1	1	
670	38984.9414062500	78	742	5	-7	0	
671	38955.5117187500	73	741	5	-4	1	
672	38926.0820312500	73	752	6	-2	3	
673	38955.5117187500	61	748	5	3	-1	
674	38994.7500000000	65	740	7	-6	2	
675	38935.8906250000	79	755	4	-1	2	
676	38975.1328125000	74	751	3	-3	1	
677	39033.9921875000	76	743	1	-1	-3	
678	39014.3710937500	58	745	5	-1	1	
679	39024.1835937500	72	747	4	-2	3	
680	38955.5117187500	71	743	5	-2	-3	
681	39004.5625000000	71	742	7	-5	0	
682	38896.6523437500	76	743	3	-3	-1	
683	39004.5625000000	76	740	6	-3	6	
684	39083.0429687500	79	740	6	1	1	
685	38955.5117187500	79	749	3	-8	4	
686	38945.7031250000	68	749	8	-3	2	
687	38847.6015625000	72	733	6	-3	5	
688	38896.6523437500	73	738	6	-1	-3	
689	38984.9414062500	74	745	5	-2	2	
690	39004.5625000000	65	746	7	-4	3	
691	39043.8007812500	69	746	3	0	0	
692	39004.5625000000	66	739	6	-4	1	
693	38896.6523437500	70	747	3	-1	-2	
694	38935.8906250000	76	750	5	-9	3	
695	38945.7031250000	69	745	7	-3	2	
696	38975.1328125000	77	747	6	-3	3	
697	38945.7031250000	69	733	5	-3	2	
698	38984.9414062500	69	744	5	-1	5	
699	38955.5117187500	79	735	3	-7	3	
700	38926.0820312500	72	738	8	1	0	
701	39024.1835937500	73	760	4	-1	3	
702	39063.4218750000	68	749	6	-3	0	
703	38984.9414062500	74	753	3	-8	3	
704	39033.9921875000	75	737	4	-6	1	
705	38965.3203125000	70	747	4	-5	-4	
706	38994.7500000000	75	747	6	0	-3	
707	38945.7031250000	68	733	8	0	2	
708	39033.9921875000	82	725	3	-8	-1	
709	39004.5625000000	67	748	5	-2	0	
710	38975.1328125000	77	748	3	-3	1	
711	38975.1328125000	76	735	6	3	0	
712	38916.2734375000	72	747	7	-7	1	
713	39063.4218750000	74	731	9	0	-1	
714	38984.9414062500	68	754	4	-3	0	
715	39014.3710937500	68	751	3	-4	1	
716	38994.7500000000	70	741	6	-4	0	
717	38955.5117187500	71	747	3	-5	-3	
718	38926.0820312500	71	743	6	-1	1	
719	39024.1835937500	68	735	5	-1	1	
720	39024.1835937500	70	741	7	-4	2	
721	38975.1328125000	70	748	9	-3	3	
722	38906.4609375000	71	743	2	-4	-2	
723	38965.3203125000	80	748	5	-4	0	
724	39024.1835937500	76	745	5	1	1	
725	39004.5625000000	62	744	5	-4	2	
726	38916.2734375000	71	737	5	-2	-2	
727	38975.1328125000	71	747	3	-4	-1	
728	39024.1835937500	69	741	6	-3	2	
729	38975.1328125000	73	742	7	-6	0	
730	39004.5625000000	67	744	5	-3	0	
731	38886.8398437500	73	743	3	-4	-2	
732	38955.5117187500	79	733	6	-2	2	
733	38916.2734375000	73	748	6	-1	0	
734	38984.9414062500	68	746	4	-2	0	
735	39033.9921875000	69	733	6	1	0	
736	39024.1835937500	72	748	5	-7	0	
737	39024.1835937500	69	731	2	-1	1	
738	38984.9414062500	69	729	7	-6	1	
739	38984.9414062500	70	746	7	-3	5	
740	38965.3203125000	73	744	3	-9	2	
741	38906.4609375000	70	748	6	1	1	
742	38877.0312500000	72	751	9	-3	2	
743	39083.0429687500	64	746	4	-3	0	
744	38965.3203125000	72	737	6	3	0	
745	39024.1835937500	70	734	6	-3	1	
746	39004.5625000000	65	743	5	-1	6	
747	38965.3203125000	77	763	4	-8	0	
748	38857.4101562500	72	750	4	-3	-5	
749	39004.5625000000	61	740	2	-1	2	
750	38896.6523437500	74	747	4	-3	-3	
751	39083.0429687500	67	742	1	-2	1	
752	38926.0820312500	72	750	3	-2	2	
753	38916.2734375000	76	746	3	-1	2	
754	38994.7500000000	72	750	6	-3	3	
755	39014.3710937500	75	747	2	-4	1	
756	38984.9414062500	67	754	2	1	2	
757	38994.7500000000	70	751	6	-4	2	
758	38984.9414062500	68	748	1	-1	-1	
759	38965.3203125000	70	750	1	-3	4	
760	38955.5117187500	70	745	4	-3	3	
761	38965.3203125000	65	737	4	-4	4	
762	38945.7031250000	78	751	5	0	5	
763	38984.9414062500	64	749	3	-4	2	
764	39014.3710937500	67	748	4	-5	-2	
765	38975.1328125000	74	734	3	2	-3	
766	38975.1328125000	76	743	4	-3	0	
767	38984.9414062500	75	728	8	2	-3	
768	38906.4609375000	72	749	1	-4	0	
769	38955.5117187500	71	741	2	-3	0	
770	39004.5625000000	83	744	7	-1	0	
771	38935.8906250000	71	746	5	-6	1	
772	39014.3710937500	67	750	3	-1	1	
773	38994.7500000000	65	746	3	-2	2	
774	38984.9414062500	66	740	5	0	3	
775	39024.1835937500	70	750	4	-4	-2	
776	38857.4101562500	72	726	5	-1	3	
777	38955.5117187500	62	747	5	-1	0	
778	38926.0820312500	72	727	0	-3	8	
779	38975.1328125000	75	745	1	1	1	
780	38916.2734375000	66	735	3	-2	1	
781	39014.3710937500	70	746	5	-6	3	
782	39033.9921875000	72	740	7	-3	-1	
783	38994.7500000000	70	743	5	-6	0	
784	39043.8007812500	74	739	6	-3	1	
785	39014.3710937500	71	758	6	-3	1	
786	38975.1328125000	71	730	4	0	0	
787	39033.9921875000	82	750	4	0	2	
788	39063.4218750000	78	738	2	1	-1	
789	39043.8007812500	70	743	6	-6	-2	
790	39004.5625000000	63	741	3	-4	1	
791	38975.1328125000	66	745	4	-3	-2	
792	39024.1835937500	71	735	4	-2	0	
793	38984.9414062500	66	741	7	-5	4	
794	39004.5625000000	75	746	5	-2	-2	
795	39033.9921875000	78	751	5	-2	-1	
796	38994.7500000000	69	749	3	-2	1	
797	38994.7500000000	76	740	7	-2	6	
798	38896.6523437500	65	751	3	-3	4	
799	38955.5117187500	72	741	3	-4	2	
800	38984.9414062500	68	758	6	-6	2	
801	38955.5117187500	75	745	5	-3	3	
802	38965.3203125000	72	745	6	-5	0	
803	39043.8007812500	70	745	7	3	4	
804	38955.5117187500	69	741	3	-6	3	
805	38975.1328125000	71	748	5	-1	-1	
806	39053.6132812500	74	743	5	-2	0	
807	39004.5625000000	70	746	5	0	-1	
808	38975.1328125000	70	747	5	-5	1	
809	38955.5117187500	69	747	8	-2	-1	
810	39053.6132812500	76	753	3	0	2	
811	38955.5117187500	66	741	7	-3	2	
812	39043.8007812500	80	747	3	0	-1	
813	38984.9414062500	64	737	9	-2	3	
814	39004.5625000000	72	734	4	-3	1	
815	38994.7500000000	67	736	5	-4	2	
816	39024.1835937500	84	750	6	-2	0	
817	39043.8007812500	69	740	5	-5	2	
818	39033.9921875000	70	750	2	-4	-1	
819	38984.9414062500	83	735	7	-3	3	
820	39004.5625000000	69	750	1	-1	1	
821	39033.9921875000	65	748	6	-4	-2	
822	38955.5117187500	73	741	6	-1	-1	
823	38965.3203125000	73	739	2	-9	4	
824	38994.7500000000	73	741	9	-1	3	
825	38984.9414062500	70	742	8	-6	2	
826	39014.3710937500	68	751	3	-8	1	
827	38926.0820312500	75	732	6	-3	2	
828	38935.8906250000	75	733	3	-2	-1	
829	38896.6523437500	69	747	5	2	2	
830	39063.4218750000	69	729	3	-5	1	
831	38975.1328125000	68	749	5	0	-1	
832	38994.7500000000	77	746	7	-8	-2	
833	38926.0820312500	73	749	5	-4	1	
834	39024.1835937500	70	746	4	-2	3	
835	39014.3710937500	76	742	5	-2	-2	
836	39043.8007812500	69	745	7	0	1	
837	39073.2304687500	69	742	2	-3	-1	
838	38975.1328125000	73	749	7	4	3	
839	38984.9414062500	68	745	5	-7	0	
840	38955.5117187500	75	746	5	1	2	
841	39024.1835937500	68	754	8	-6	-1	
842	38984.9414062500	70	756	11	-2	1	
843	38926.0820312500	74	759	4	-4	3	
844	38955.5117187500	73	740	7	-5	-1	
845	38906.4609375000	74	743	5	2	2	
846	38955.5117187500	76	741	6	-3	2	
847	39102.6601562500	67	757	6	0	1	
848	38945.7031250000	75	738	1	-4	2	
849	38896.6523437500	69	743	6	3	-2	
850	39043.8007812500	65	748	5	-3	4	
851	38955.5117187500	74	751	4	-3	5	
852	38994.7500000000	71	747	4	-3	3	
853	38945.7031250000	66	750	5	-8	2	
854	38916.2734375000	76	740	5	2	0	
855	38994.7500000000	75	757	4	-4	1	
856	38994.7500000000	69	742	5	2	2	
857	38984.9414062500	73	753	5	-6	2	
858	39033.9921875000	69	754	6	-1	2	
859	38965.3203125000	72	749	6	0	2	
860	39043.8007812500	75	743	2	-1	1	
861	38994.7500000000	72	753	5	-2	0	
862	38994.7500000000	76	755	4	-6	-1	
863	38984.9414062500	74	731	5	0	2	
864	38886.8398437500	73	749	5	-8	-1	
865	39053.6132812500	72	736	5	-1	0	
866	38945.7031250000	66	740	6	-3	0	
867	38955.5117187500	72	749	6	-2	4	
868	38916.2734375000	71	741	5	-1	-2	
869	39043.8007812500	75	749	3	-4	-2	
870	39024.1835937500	78	758	3	-2	4	
871	39033.9921875000	71	745	1	-6	0	
872	38945.7031250000	74	746	3	-2	-1	
873	38965.3203125000	66	749	0	-3	2	
874	39024.1835937500	72	759	7	0	-2	
875	38994.7500000000	75	733	5	-2	0	
876	38975.1328125000	72	741	4	0	-3	
877	38955.5117187500	76	743	9	-6	2	
878	38994.7500000000	78	746	2	-5	-1	
879	38945.7031250000	75	747	4	-1	0	
880	38945.7031250000	75	740	6	0	-1	
881	39004.5625000000	70	738	7	0	4	
882	38975.1328125000	70	742	2	-2	0	
883	39053.6132812500	71	743	6	0	2	
884	38984.9414062500	69	742	6	-3	-2	
885	38935.8906250000	78	749	5	-1	-1	
886	38955.5117187500	75	742	5	-6	1	
887	38994.7500000000	62	752	4	-3	3	
888	39024.1835937500	73	746	6	-3	2	
889	39014.3710937500	68	745	8	-6	3	
890	38955.5117187500	71	733	2	-2	2	
891	39014.3710937500	66	739	4	-5	2	
892	39024.1835937500	74	752	4	1	-3	
893	39073.2304687500	77	752	5	-2	0	
894	39053.6132812500	75	746	5	1	2	
895	38965.3203125000	75	730	5	1	4	
896	39004.5625000000	71	735	8	-5	3	
897	38926.0820312500	75	734	5	-5	4	
898	38984.9414062500	77	742	5	-7	3	
899	39063.4218750000	78	750	5	-2	2	
900	39024.1835937500	72	739	4	-7	1	
901	38965.3203125000	76	757	6	0	0	
902	39014.3710937500	67	749	3	-1	0	
903	39004.5625000000	69	718	6	2	2	
904	38975.1328125000	70	743	5	-6	-2	
905	38945.7031250000	72	749	3	1	4	
906	38896.6523437500	74	739	2	-4	1	
907	38975.1328125000	72	761	2	-4	3	
908	38965.3203125000	71	739	7	-5	1	
909	38965.3203125000	67	740	2	-6	2	
910	39073.2304687500	79	751	9	-4	2	
911	38994.7500000000	70	751	5	2	-1	
912	38994.7500000000	69	743	1	-4	0	
913	39014.3710937500	78	745	6	-3	0	
914	39004.5625000000	67	743	6	-4	0	
915	39024.1835937500	77	748	6	-1	-1	
916	38975.1328125000	71	741	4	-1	-1	
917	39024.1835937500	68	752	7	0	3	
918	39024.1835937500	74	755	6	-3	3	
919	39043.8007812500	71	743	3	-4	-1	
920	38994.7500000000	64	739	6	-5	0	
921	39014.3710937500	72	742	3	-4	2	
922	38955.5117187500	75	744	7	-4	1	
923	39014.3710937500	72	743	6	0	1	
924	38994.7500000000	70	742	5	-5	0	
925	39024.1835937500	66	733	1	-2	1	
926	38935.8906250000	77	741	5	-10	4	
927	38975.1328125000	75	751	0	-1	2	
928	38926.0820312500	65	742	7	-6	0	
929	38984.9414062500	69	749	7	2	2	
930	38984.9414062500	69	758	4	-4	2	
931	38916.2734375000	63	735	8	-6	2	
932	38955.5117187500	68	749	5	-2	4	
933	38994.7500000000	76	745	6	-5	0	
934	38896.6523437500	73	750	5	-4	-1	
935	39004.5625000000	78	744	4	-6	-5	
936	39024.1835937500	70	740	8	-9	1	
937	38896.6523437500	67	744	8	1	2	
938	39083.0429687500	70	763	3	-5	-3	
939	39004.5625000000	67	753	4	1	1	
940	38994.7500000000	74	752	3	-4	-2	
941	39004.5625000000	74	745	0	-3	2	
942	38926.0820312500	75	748	3	-4	2	
943	39024.1835937500	71	736	2	-8	-2	
944	38975.1328125000	71	746	6	-3	1	
945	38945.7031250000	73	748	5	-8	-2	
946	39033.9921875000	69	747	5	4	3	
947	39073.2304687500	70	751	6	-6	5	
948	38965.3203125000	76	742	3	-1	3	
949	39004.5625000000	67	751	9	-6	3	
950	38994.7500000000	67	741	3	0	1	
951	39024.1835937500	62	747	4	-9	4	
952	38975.1328125000	70	743	2	-1	3	
953	39014.3710937500	66	747	2	-3	4	
954	38926.0820312500	77	741	4	1	-2	
955	39024.1835937500	69	748	2	-1	-2	
956	39033.9921875000	74	753	8	-2	2	
957	38955.5117187500	69	743	6	-1	-1	
958	38984.9414062500	72	737	4	-3	5	
959	39033.9921875000	70	744	3	-1	1	
960	38965.3203125000	78	748	5	-7	2	
961	39024.1835937500	75	745	9	1	1	
962	38955.5117187500	71	743	5	-3	4	
963	39033.9921875000	66	750	5	-2	2	
964	38965.3203125000	73	752	4	-1	1	
965	38965.3203125000	69	741	4	-3	-3	
966	39033.9921875000	70	744	5	-4	1	
967	38965.3203125000	72	738	1	1	3	
968	39053.6132812500	71	735	5	-6	3	
969	38935.8906250000	70	749	4	-3	3	
970	38926.0820312500	73	752	5	-5	2	
971	38994.7500000000	66	745	6	0	1	
972	39024.1835937500	66	748	8	-7	1	
973	39004.5625000000	72	739	4	-3	3	
974	39014.3710937500	75	747	4	-9	0	
975	39004.5625000000	70	753	3	2	-1	
976	39004.5625000000	71	743	3	0	1	
977	39004.5625000000	68	756	4	-3	3	
978	38975.1328125000	74	743	3	-1	1	
979	38916.2734375000	71	741	2	-6	3	
980	39014.3710937500	72	749	5	-2	0	
981	38935.8906250000	70	745	4	-5	4	
982	38975.1328125000	70	739	4	-5	-3	
983	38965.3203125000	67	735	6	-3	2	
984	38926.0820312500	71	749	2	-7	-1	
985	38955.5117187500	73	732	4	-3	1	
986	39014.3710937500	72	743	4	-2	2	
987	38955.5117187500	69	736	5	-4	2	
988	38975.1328125000	67	746	6	-6	3	
989	38945.7031250000	71	745	6	3	4	
990	38955.5117187500	73	754	6	-6	0	
991	39112.4726562500	68	734	5	-1	0	
992	38926.0820312500	71	742	7	-5	-1	
993	39024.1835937500	72	736	4	-4	1	
994	38975.1328125000	65	744	3	4	3	
995	38965.3203125000	76	733	4	-1	1	
996	39053.6132812500	64	752	4	-3	1	
997	38945.7031250000	74	754	6	1	4	
998	38955.5117187500	68	756	5	-3	2	
999	39033.9921875000	72	761	3	1	-2	
1000	38935.8906250000	77	750	4	-6	4	
